SSRL   EXAFS Data Collector 4.0       
Tue Feb 20 22:10:53 2018              
PTS:        504 COLS:          8
lytle.det                             
TiEXAFS.rgn                           
43 unfocused  0.000 0 X 3.135500 20000                                        
5 1000 600 REP 0 0                    
20170427_Ti_SiO2 0.5 wt% Ti                                                   
lytle                                                                         
T = 350 C, He = 30 sscm                                                       
Full EXAFS high T                                                             
                                                                              
                                                                              

Weights: 
 1.000  1.000  1.000  1.000  1.000  1.000  1.000  1.000 
Offsets: 
 0.000  0.000  0.000  0.000  1013.000  1014.000  21.000  1267.000 
Data: 
Real time clock   
Total time        
Requested Energy  
Achieved Energy   
I0                
I1                
I2                
Lytle             

 1.000  1.000  4730.000  4730.002  109485.000  10.000  384824.000  15880.000 
 1.000  2.000  4740.500  4740.498  109228.000  9.000  384244.000  16138.000 
 1.000  3.000  4751.000  4750.999  109041.000  6.000  383706.000  16358.000 
 1.000  4.000  4761.500  4761.497  108830.000  7.000  383294.000  16640.000 
 1.000  5.000  4772.000  4772.000  108596.000  7.000  382926.000  16876.000 
 1.000  6.000  4782.500  4782.500  108365.000  7.000  382670.000  17162.000 
 1.000  7.000  4793.000  4792.996  108164.000  5.000  382019.000  17435.000 
 1.000  8.000  4803.500  4803.496  107910.000  5.000  381363.000  17709.000 
 1.000  9.000  4814.000  4814.000  107704.000  4.000  380842.000  17973.000 
 1.000  10.000  4824.500  4824.499  107471.000  6.000  380363.000  18240.000 
 1.000  11.000  4835.000  4835.001  107259.000  7.000  379980.000  18473.000 
 1.000  12.000  4845.500  4845.497  107018.000  7.000  379572.000  18748.000 
 1.000  13.000  4856.000  4855.996  106807.000  8.000  379122.000  19058.000 
 1.000  14.000  4866.500  4866.497  106577.000  9.000  378671.000  19309.000 
 1.000  15.000  4877.000  4877.000  106334.000  7.000  378048.000  19574.000 
 1.000  16.000  4887.500  4887.504  106083.000  7.000  377472.000  19846.000 
 1.000  17.000  4898.000  4898.000  105925.000  7.000  376921.000  20198.000 
 1.000  18.000  4908.500  4908.498  105640.000  6.000  376606.000  20456.000 
 1.000  19.000  4919.000  4918.996  105442.000  7.000  376397.000  20800.000 
 1.000  20.000  4929.500  4929.504  105203.000  6.000  375753.000  21138.000 
 1.000  21.000  4940.000  4940.002  104976.000  7.000  375127.000  21389.000 
 1.000  22.000  4940.500  4940.496  104982.000  7.000  374672.000  21463.000 
 1.000  23.000  4941.000  4941.000  104959.000  6.000  374472.000  21445.000 
 1.000  24.000  4941.500  4941.503  104949.000  6.000  374023.000  21490.000 
 1.000  25.000  4942.000  4941.997  104936.000  5.000  373857.000  21504.000 
 1.000  26.000  4942.500  4942.501  104937.000  4.000  373431.000  21517.000 
 1.000  27.000  4943.000  4943.005  104913.000  4.000  373116.000  21517.000 
 1.000  28.000  4943.500  4943.499  104892.000  7.000  372538.000  21536.000 
 1.000  29.000  4944.000  4944.003  104888.000  6.000  372257.000  21534.000 
 1.000  30.000  4944.500  4944.498  104851.000  2.000  371923.000  21552.000 
 1.000  31.000  4945.000  4945.002  104863.000  2.000  371579.000  21592.000 
 1.000  32.000  4945.500  4945.497  104846.000  1.000  371085.000  21610.000 
 1.000  33.000  4946.000  4946.002  104826.000  3.000  370841.000  21649.000 
 1.000  34.000  4946.500  4946.497  104811.000  4.000  370590.000  21633.000 
 1.000  35.000  4947.000  4947.001  104796.000  3.000  370316.000  21654.000 
 1.000  36.000  4947.500  4947.497  104783.000  3.000  370181.000  21691.000 
 1.000  37.000  4948.000  4948.002  104744.000  3.000  369833.000  21719.000 
 1.000  38.000  4948.500  4948.498  104757.000  3.000  369316.000  21733.000 
 1.000  39.000  4949.000  4949.003  104728.000  4.000  368879.000  21747.000 
 1.000  40.000  4949.500  4949.499  104734.000  4.000  368283.000  21748.000 
 1.000  41.000  4950.000  4950.004  104726.000  5.000  367835.000  21779.000 
 1.000  42.000  4950.500  4950.500  104690.000  5.000  367550.000  21784.000 
 1.000  43.000  4951.000  4950.996  104684.000  8.000  367228.000  21795.000 
 1.000  44.000  4951.500  4951.501  104684.000  7.000  367028.000  21832.000 
 1.000  45.000  4952.000  4951.998  104647.000  5.000  366795.000  21887.000 
 1.000  46.000  4952.500  4952.504  104644.000  4.000  366568.000  21924.000 
 1.000  47.000  4953.000  4953.000  104631.000  5.000  366185.000  21909.000 
 1.000  48.000  4953.500  4953.497  104607.000  5.000  365768.000  21927.000 
 1.000  49.000  4954.000  4954.003  104584.000  6.000  365253.000  21943.000 
 1.000  50.000  4954.500  4954.500  104566.000  6.000  364769.000  21973.000 
 1.000  51.000  4955.000  4954.997  104554.000  6.000  364483.000  21994.000 
 1.000  52.000  4955.500  4955.503  104519.000  7.000  364159.000  22007.000 
 1.000  53.000  4956.000  4956.000  104534.000  6.000  363809.000  22070.000 
 1.000  54.000  4956.500  4956.498  104487.000  6.000  363590.000  22064.000 
 1.000  55.000  4957.000  4957.005  104470.000  5.000  363416.000  22089.000 
 1.000  56.000  4957.500  4957.502  104477.000  6.000  363035.000  22096.000 
 1.000  57.000  4958.000  4958.000  104459.000  3.000  362712.000  22126.000 
 1.000  58.000  4958.500  4958.497  104428.000  4.000  362230.000  22122.000 
 1.000  59.000  4959.000  4959.005  104396.000  3.000  361731.000  22188.000 
 1.000  60.000  4959.500  4959.502  104415.000  4.000  361354.000  22214.000 
 1.000  61.000  4960.000  4960.000  104372.000  5.000  361144.000  22262.000 
 1.000  62.000  4960.500  4960.499  104346.000  5.000  360717.000  22324.000 
 1.000  63.000  4961.000  4960.997  104331.000  9.000  360468.000  22341.000 
 1.000  64.000  4961.500  4961.505  104326.000  10.000  360337.000  22360.000 
 1.000  65.000  4962.000  4962.003  104307.000  10.000  359929.000  22405.000 
 1.000  66.000  4962.500  4962.501  104299.000  10.000  359555.000  22473.000 
 1.000  67.000  4963.000  4963.000  104284.000  10.000  359010.000  22505.000 
 1.000  68.000  4963.500  4963.499  104245.000  9.000  358628.000  22589.000 
 1.000  69.000  4964.000  4963.998  104241.000  8.000  358146.000  22671.000 
 1.000  70.000  4964.500  4964.496  104225.000  7.000  357693.000  22758.000 
 1.000  71.000  4965.000  4964.995  104215.000  6.000  357479.000  22860.000 
 1.000  72.000  4965.100  4965.095  104188.000  6.000  357322.000  22923.000 
 1.000  73.000  4965.200  4965.205  104189.000  6.000  356980.000  22967.000 
 1.000  74.000  4965.300  4965.305  104170.000  4.000  356707.000  22952.000 
 1.000  75.000  4965.400  4965.404  104153.000  5.000  356356.000  22991.000 
 1.000  76.000  4965.500  4965.504  104153.000  5.000  355859.000  23059.000 
 1.000  77.000  4965.600  4965.604  104129.000  5.000  355253.000  23074.000 
 1.000  78.000  4965.700  4965.704  104151.000  4.000  354805.000  23111.000 
 1.000  79.000  4965.800  4965.804  104131.000  5.000  354579.000  23150.000 
 1.000  80.000  4965.900  4965.904  104122.000  5.000  354254.000  23176.000 
 1.000  81.000  4966.000  4966.003  104120.000  6.000  354121.000  23167.000 
 1.000  82.000  4966.100  4966.104  104093.000  11.000  353980.000  23226.000 
 1.000  83.000  4966.200  4966.203  104090.000  12.000  353554.000  23299.000 
 1.000  84.000  4966.300  4966.303  104093.000  11.000  353140.000  23334.000 
 1.000  85.000  4966.400  4966.403  104072.000  11.000  352676.000  23422.000 
 1.000  86.000  4966.500  4966.503  104069.000  13.000  352328.000  23523.000 
 1.000  87.000  4966.600  4966.603  104062.000  12.000  351823.000  23574.000 
 1.000  88.000  4966.700  4966.703  104046.000  12.000  351545.000  23603.000 
 1.000  89.000  4966.800  4966.802  104047.000  12.000  351249.000  23676.000 
 1.000  90.000  4966.900  4966.902  104024.000  12.000  351083.000  23782.000 
 1.000  91.000  4967.000  4967.002  103999.000  11.000  350906.000  23881.000 
 1.000  92.000  4967.100  4967.102  104019.000  12.000  350723.000  23992.000 
 1.000  93.000  4967.200  4967.202  104003.000  11.000  350650.000  24120.000 
 1.000  94.000  4967.300  4967.302  103997.000  13.000  350275.000  24256.000 
 1.000  95.000  4967.400  4967.402  104000.000  11.000  350087.000  24396.000 
 1.000  96.000  4967.500  4967.502  103977.000  12.000  349979.000  24573.000 
 1.000  97.000  4967.600  4967.602  103968.000  13.000  349855.000  24730.000 
 1.000  98.000  4967.700  4967.702  103968.000  12.000  349841.000  24959.000 
 1.000  99.000  4967.800  4967.802  103958.000  12.000  349756.000  25173.000 
 1.000  100.000  4967.900  4967.901  103931.000  11.000  349650.000  25469.000 
 1.000  101.000  4968.000  4968.001  103951.000  11.000  349642.000  25836.000 
 1.000  102.000  4968.100  4968.102  103927.000  12.000  349679.000  26208.000 
 1.000  103.000  4968.200  4968.201  103915.000  12.000  349713.000  26700.000 
 1.000  104.000  4968.300  4968.301  103901.000  13.000  349669.000  27222.000 
 1.000  105.000  4968.400  4968.401  103897.000  12.000  349643.000  27942.000 
 1.000  106.000  4968.500  4968.501  103882.000  12.000  349744.000  28607.000 
 1.000  107.000  4968.600  4968.601  103860.000  13.000  349664.000  29458.000 
 1.000  108.000  4968.700  4968.701  103895.000  12.000  349601.000  30391.000 
 1.000  109.000  4968.800  4968.801  103885.000  13.000  349586.000  31455.000 
 1.000  110.000  4968.900  4968.901  103872.000  12.000  349682.000  32744.000 
 1.000  111.000  4969.000  4969.001  103871.000  14.000  349733.000  34203.000 
 1.000  112.000  4969.100  4969.101  103848.000  13.000  349705.000  35967.000 
 1.000  113.000  4969.200  4969.201  103849.000  13.000  349781.000  37991.000 
 1.000  114.000  4969.300  4969.301  103837.000  14.000  349773.000  40382.000 
 1.000  115.000  4969.400  4969.401  103817.000  12.000  349770.000  42885.000 
 1.000  116.000  4969.500  4969.501  103823.000  13.000  349817.000  45619.000 
 1.000  117.000  4969.600  4969.601  103793.000  11.000  349874.000  48355.000 
 1.000  118.000  4969.700  4969.701  103775.000  11.000  349883.000  51062.000 
 1.000  119.000  4969.800  4969.801  103816.000  11.000  349832.000  53465.000 
 1.000  120.000  4969.900  4969.901  103802.000  11.000  349859.000  55448.000 
 1.000  121.000  4970.000  4970.001  103764.000  11.000  349869.000  56694.000 
 1.000  122.000  4970.100  4970.101  103759.000  12.000  349915.000  57184.000 
 1.000  123.000  4970.200  4970.201  103766.000  12.000  349989.000  56836.000 
 1.000  124.000  4970.300  4970.301  103749.000  10.000  349817.000  55762.000 
 1.000  125.000  4970.400  4970.401  103748.000  9.000  349791.000  54079.000 
 1.000  126.000  4970.500  4970.501  103723.000  9.000  349833.000  51868.000 
 1.000  127.000  4970.600  4970.602  103713.000  10.000  349946.000  49351.000 
 1.000  128.000  4970.700  4970.702  103712.000  9.000  350020.000  46511.000 
 1.000  129.000  4970.800  4970.801  103722.000  9.000  350037.000  43830.000 
 1.000  130.000  4970.900  4970.901  103704.000  8.000  350080.000  41223.000 
 1.000  131.000  4971.000  4971.001  103701.000  9.000  350162.000  38934.000 
 1.000  132.000  4971.100  4971.102  103696.000  9.000  350183.000  36858.000 
 1.000  133.000  4971.200  4971.202  103668.000  8.000  350053.000  35220.000 
 1.000  134.000  4971.300  4971.302  103696.000  11.000  350147.000  33790.000 
 1.000  135.000  4971.400  4971.402  103648.000  12.000  350158.000  32743.000 
 1.000  136.000  4971.500  4971.502  103667.000  11.000  350205.000  31855.000 
 1.000  137.000  4971.600  4971.602  103651.000  12.000  350200.000  31246.000 
 1.000  138.000  4971.700  4971.702  103650.000  12.000  350132.000  30710.000 
 1.000  139.000  4971.800  4971.802  103643.000  11.000  350176.000  30255.000 
 1.000  140.000  4971.900  4971.902  103644.000  12.000  350068.000  29944.000 
 1.000  141.000  4972.000  4972.002  103632.000  13.000  350003.000  29719.000 
 1.000  142.000  4972.100  4972.103  103623.000  12.000  350129.000  29502.000 
 1.000  143.000  4972.200  4972.203  103625.000  12.000  350196.000  29430.000 
 1.000  144.000  4972.300  4972.303  103618.000  12.000  350181.000  29297.000 
 1.000  145.000  4972.400  4972.403  103628.000  13.000  350346.000  29138.000 
 1.000  146.000  4972.500  4972.503  103594.000  14.000  350217.000  29079.000 
 1.000  147.000  4972.600  4972.604  103586.000  14.000  350341.000  28994.000 
 1.000  148.000  4972.700  4972.704  103580.000  15.000  350252.000  28994.000 
 1.000  149.000  4972.800  4972.804  103579.000  15.000  350198.000  28906.000 
 1.000  150.000  4972.900  4972.904  103564.000  15.000  350280.000  28790.000 
 1.000  151.000  4973.000  4973.004  103573.000  16.000  350443.000  28741.000 
 1.000  152.000  4973.100  4973.104  103578.000  14.000  350292.000  28709.000 
 1.000  153.000  4973.200  4973.204  103563.000  14.000  350306.000  28683.000 
 1.000  154.000  4973.300  4973.305  103547.000  14.000  350219.000  28704.000 
 1.000  155.000  4973.400  4973.405  103559.000  15.000  350169.000  28644.000 
 1.000  156.000  4973.500  4973.505  103545.000  15.000  350539.000  28606.000 
 1.000  157.000  4973.600  4973.605  103536.000  15.000  350479.000  28584.000 
 1.000  158.000  4973.700  4973.695  103530.000  15.000  350252.000  28570.000 
 1.000  159.000  4973.800  4973.795  103527.000  14.000  350441.000  28563.000 
 1.000  160.000  4973.900  4973.896  103522.000  15.000  350444.000  28575.000 
 1.000  161.000  4974.000  4973.996  103603.000  14.000  350406.000  28581.000 
 1.000  162.000  4974.100  4974.096  103840.000  15.000  350533.000  28662.000 
 1.000  163.000  4974.200  4974.196  104038.000  13.000  350458.000  28777.000 
 1.000  164.000  4974.300  4974.296  104237.000  14.000  350379.000  28875.000 
 1.000  165.000  4974.400  4974.396  104385.000  15.000  350257.000  28964.000 
 1.000  166.000  4974.500  4974.497  104510.000  15.000  350333.000  29096.000 
 1.000  167.000  4974.600  4974.597  104443.000  15.000  350519.000  29149.000 
 1.000  168.000  4974.700  4974.697  104372.000  14.000  350466.000  29275.000 
 1.000  169.000  4974.800  4974.797  104298.000  17.000  350310.000  29428.000 
 1.000  170.000  4974.900  4974.898  104269.000  17.000  350379.000  29562.000 
 1.000  171.000  4975.000  4974.998  104206.000  16.000  350263.000  29758.000 
 1.000  172.000  4975.350  4975.349  104165.000  13.000  350330.000  30394.000 
 1.000  173.000  4975.700  4975.700  104125.000  14.000  350251.000  31125.000 
 1.000  174.000  4976.050  4976.051  104121.000  14.000  350236.000  31938.000 
 1.000  175.000  4976.400  4976.402  104100.000  15.000  350388.000  32927.000 
 1.000  176.000  4976.750  4976.753  104066.000  13.000  350378.000  34190.000 
 1.000  177.000  4977.100  4977.104  104039.000  12.000  350432.000  35646.000 
 1.000  178.000  4977.450  4977.445  104021.000  12.000  350454.000  37107.000 
 1.000  179.000  4977.800  4977.797  103980.000  12.000  350411.000  38682.000 
 1.000  180.000  4978.150  4978.148  103985.000  13.000  350598.000  40229.000 
 1.000  181.000  4978.500  4978.500  103964.000  12.000  350494.000  41657.000 
 1.000  182.000  4978.850  4978.851  103975.000  12.000  350246.000  42892.000 
 1.000  183.000  4979.200  4979.202  103948.000  13.000  350494.000  43950.000 
 1.000  184.000  4979.550  4979.554  103944.000  13.000  350479.000  44931.000 
 1.000  185.000  4979.900  4979.896  103926.000  12.000  350557.000  45913.000 
 1.000  186.000  4980.250  4980.247  103927.000  12.000  350509.000  46896.000 
 1.000  187.000  4980.600  4980.599  103915.000  12.000  350476.000  47979.000 
 1.000  188.000  4980.950  4980.951  103900.000  9.000  350275.000  49110.000 
 1.000  189.000  4981.300  4981.302  103903.000  8.000  350435.000  50484.000 
 1.000  190.000  4981.650  4981.654  103904.000  13.000  350343.000  51952.000 
 1.000  191.000  4982.000  4981.996  103907.000  13.000  350365.000  53520.000 
 1.000  192.000  4982.350  4982.348  103890.000  13.000  350323.000  55512.000 
 1.000  193.000  4982.700  4982.700  103869.000  13.000  350443.000  57752.000 
 1.000  194.000  4983.050  4983.052  103889.000  12.000  350313.000  60048.000 
 1.000  195.000  4983.400  4983.404  103886.000  13.000  350367.000  62293.000 
 1.000  196.000  4983.750  4983.747  103864.000  13.000  350308.000  64298.000 
 1.000  197.000  4984.100  4984.099  103866.000  10.000  350466.000  66150.000 
 1.000  198.000  4984.450  4984.451  103848.000  8.000  350282.000  67905.000 
 1.000  199.000  4984.800  4984.803  103854.000  8.000  350352.000  69417.000 
 1.000  200.000  4985.150  4985.146  103840.000  8.000  350334.000  70512.000 
 1.000  201.000  4985.500  4985.498  103836.000  7.000  350486.000  71657.000 
 1.000  202.000  4985.850  4985.851  103817.000  10.000  350476.000  72790.000 
 1.000  203.000  4986.200  4986.203  103831.000  11.000  350438.000  73792.000 
 1.000  204.000  4986.550  4986.546  103822.000  10.000  350166.000  74351.000 
 1.000  205.000  4986.900  4986.898  103801.000  10.000  350295.000  74923.000 
 1.000  206.000  4987.250  4987.251  103792.000  9.000  350302.000  75519.000 
 1.000  207.000  4987.600  4987.604  103807.000  10.000  350224.000  75939.000 
 1.000  208.000  4987.950  4987.947  103799.000  11.000  350377.000  76388.000 
 1.000  209.000  4988.300  4988.300  103782.000  9.000  350423.000  76820.000 
 1.000  210.000  4988.650  4988.653  103772.000  7.000  350304.000  77074.000 
 1.000  211.000  4989.000  4988.996  103779.000  8.000  350314.000  77284.000 
 1.000  212.000  4989.350  4989.349  103779.000  7.000  350436.000  77531.000 
 1.000  213.000  4989.700  4989.702  103767.000  9.000  350298.000  77870.000 
 1.000  214.000  4990.050  4990.055  103767.000  11.000  350390.000  78161.000 
 1.000  215.000  4990.400  4990.398  103749.000  12.000  350448.000  78456.000 
 1.000  216.000  4990.750  4990.751  103750.000  14.000  350483.000  78752.000 
 1.000  217.000  4991.100  4991.104  103734.000  14.000  350521.000  79078.000 
 1.000  218.000  4991.450  4991.448  103743.000  14.000  350353.000  79388.000 
 1.000  219.000  4991.800  4991.801  103742.000  14.000  350463.000  79578.000 
 1.000  220.000  4992.150  4992.155  103720.000  13.000  350497.000  79705.000 
 1.000  221.000  4992.500  4992.498  103717.000  12.000  350480.000  79941.000 
 1.000  222.000  4992.850  4992.852  103705.000  12.000  350388.000  80326.000 
 1.000  223.000  4993.200  4993.195  103703.000  14.000  350414.000  80763.000 
 1.000  224.000  4993.550  4993.549  103683.000  15.000  350301.000  81064.000 
 1.000  225.000  4993.900  4993.903  103691.000  17.000  350328.000  81309.000 
 1.000  226.000  4994.250  4994.247  103670.000  17.000  350487.000  81322.000 
 1.000  227.000  4994.600  4994.601  103659.000  17.000  350491.000  81353.000 
 1.000  228.000  4994.950  4994.955  103658.000  16.000  350240.000  81522.000 
 1.000  229.000  4995.300  4995.298  103639.000  17.000  350488.000  81763.000 
 1.000  230.000  4995.650  4995.652  103638.000  17.000  350423.000  81897.000 
 1.000  231.000  4996.000  4995.996  103638.000  17.000  350392.000  82162.000 
 1.000  232.000  4996.350  4996.351  103632.000  18.000  350349.000  82289.000 
 1.000  233.000  4996.700  4996.705  103631.000  16.000  350436.000  82673.000 
 1.000  234.000  4997.050  4997.049  103604.000  19.000  350462.000  82894.000 
 1.000  235.000  4997.400  4997.403  103606.000  19.000  350542.000  83094.000 
 1.000  236.000  4997.750  4997.747  103602.000  19.000  350465.000  83181.000 
 1.000  237.000  4998.100  4998.102  103600.000  20.000  350388.000  83286.000 
 1.000  238.000  4998.450  4998.446  103588.000  19.000  350642.000  83531.000 
 1.000  239.000  4998.800  4998.801  103573.000  19.000  350531.000  83677.000 
 1.000  240.000  4999.150  4999.145  103574.000  18.000  350380.000  83888.000 
 1.000  241.000  4999.500  4999.500  103576.000  20.000  350523.000  84021.000 
 1.000  242.000  4999.850  4999.854  103576.000  18.000  350413.000  84268.000 
 1.000  243.000  5000.200  5000.199  103561.000  19.000  350517.000  84488.000 
 1.000  244.000  5000.550  5000.554  103565.000  19.000  350491.000  84953.000 
 1.000  245.000  5000.900  5000.898  103562.000  19.000  350428.000  85053.000 
 1.000  246.000  5001.250  5001.253  103550.000  20.000  350422.000  85038.000 
 1.000  247.000  5001.600  5001.598  103544.000  19.000  350472.000  85160.000 
 1.000  248.000  5001.950  5001.953  103556.000  21.000  350510.000  85375.000 
 1.000  249.000  5002.300  5002.298  103548.000  19.000  350414.000  85609.000 
 1.000  250.000  5002.650  5002.653  103518.000  19.000  350248.000  85784.000 
 1.000  251.000  5003.000  5002.998  103526.000  19.000  350336.000  85825.000 
 1.000  252.000  5003.350  5003.354  103499.000  19.000  350527.000  85947.000 
 1.000  253.000  5003.700  5003.699  103511.000  19.000  350492.000  86201.000 
 1.000  254.000  5004.050  5004.054  103486.000  20.000  350313.000  86233.000 
 1.000  255.000  5004.400  5004.399  103460.000  20.000  350444.000  86224.000 
 1.000  256.000  5004.750  5004.754  103467.000  18.000  350424.000  86337.000 
 1.000  257.000  5005.100  5005.100  103447.000  19.000  350393.000  86595.000 
 1.000  258.000  5005.450  5005.445  103451.000  19.000  350440.000  86472.000 
 1.000  259.000  5005.800  5005.801  103440.000  19.000  350434.000  86309.000 
 1.000  260.000  5006.150  5006.146  103428.000  20.000  350575.000  86234.000 
 1.000  261.000  5006.500  5006.502  103425.000  19.000  350658.000  85927.000 
 1.000  262.000  5006.850  5006.848  103398.000  19.000  350526.000  85728.000 
 1.000  263.000  5007.200  5007.204  103406.000  19.000  350424.000  85578.000 
 1.000  264.000  5007.550  5007.549  103385.000  20.000  350552.000  85341.000 
 1.000  265.000  5007.900  5007.895  103395.000  19.000  350275.000  85206.000 
 1.000  266.000  5008.250  5008.251  103358.000  20.000  350277.000  84993.000 
 1.000  267.000  5008.600  5008.597  103363.000  19.000  350239.000  84715.000 
 1.000  268.000  5008.950  5008.953  103347.000  19.000  350418.000  84572.000 
 1.000  269.000  5009.300  5009.299  103343.000  19.000  350352.000  84357.000 
 1.000  270.000  5009.650  5009.645  103330.000  19.000  350463.000  84175.000 
 1.000  271.000  5010.008  5010.011  103321.000  19.000  350369.000  84000.000 
 1.000  272.000  5010.994  5010.989  103275.984  20.981  350451.000  83405.977 
 1.000  273.000  5011.999  5011.998  103269.922  19.925  350274.000  82320.906 
 1.000  274.000  5013.022  5013.027  103244.836  20.832  350341.000  81006.789 
 1.000  275.001  5014.065  5014.066  103220.703  18.701  350462.000  80099.625 
 1.000  276.001  5015.127  5015.127  103197.531  17.533  350355.000  79135.414 
 1.001  277.002  5016.208  5016.209  103265.328  18.328  350478.000  78464.156 
 1.001  278.003  5017.308  5017.312  103232.086  17.085  350712.969  77756.859 
 1.001  279.004  5018.427  5018.425  103197.805  15.805  350562.969  77197.508 
 1.001  280.005  5019.565  5019.570  103188.492  13.487  350632.969  76580.109 
 1.002  281.007  5020.722  5020.725  103255.133  15.132  351049.969  75853.664 
 1.002  282.009  5021.898  5021.901  103221.742  13.740  350951.969  75059.180 
 1.003  283.012  5023.093  5023.089  103299.312  16.310  351296.938  74401.641 
 1.003  284.015  5024.308  5024.308  103279.844  14.843  351288.938  73500.055 
 1.004  285.019  5025.541  5025.537  103344.344  16.339  351667.938  72961.422 
 1.004  286.023  5026.793  5026.798  103295.805  16.797  351808.906  72374.750 
 1.005  287.028  5028.064  5028.060  103371.227  17.218  352226.906  71965.023 
 1.005  288.033  5029.355  5029.353  103365.609  14.602  352109.875  71633.258 
 1.006  289.039  5030.665  5030.667  103443.953  13.948  352499.875  71418.438 
 1.007  290.046  5031.993  5031.993  103498.266  14.257  352807.875  71151.578 
 1.007  291.053  5033.341  5033.339  103471.539  13.529  352849.844  70796.664 
 1.008  292.061  5034.708  5034.708  103538.773  12.763  353076.844  70785.711 
 1.009  293.070  5036.093  5036.097  103588.969  15.960  353398.812  70875.703 
 1.010  294.080  5037.498  5037.498  103653.133  16.119  353766.781  71052.656 
 1.011  295.090  5038.921  5038.919  103696.250  17.242  354151.781  71327.555 
 1.012  296.102  5040.364  5040.363  103772.336  17.326  354519.750  71733.414 
 1.012  297.114  5041.826  5041.829  103739.383  16.374  354649.750  72078.227 
 1.013  298.128  5043.307  5043.305  103792.398  17.384  354947.719  72390.984 
 1.014  299.142  5044.807  5044.803  103849.367  15.357  355207.688  72732.703 
 1.015  300.158  5046.326  5046.323  103904.305  16.292  355606.688  73213.375 
 1.017  301.174  5047.864  5047.864  104068.203  18.190  356287.656  73734.992 
 1.018  302.192  5049.421  5049.417  104118.070  17.051  356628.625  74216.570 
 1.019  303.211  5050.998  5051.001  104194.891  17.874  357037.594  74780.102 
 1.020  304.231  5052.593  5052.598  104229.680  14.660  357441.594  75267.586 
 1.021  305.252  5054.208  5054.206  104279.430  17.408  357887.562  75733.023 
 1.023  306.275  5055.841  5055.846  104434.141  18.120  358627.531  76325.414 
 1.024  307.299  5057.493  5057.498  104475.820  17.794  358782.500  76845.750 
 1.025  308.324  5059.165  5059.161  104530.453  18.430  359176.469  77386.047 
 1.027  309.350  5060.855  5060.856  104677.055  16.029  359627.438  77991.297 
 1.028  310.378  5062.564  5062.563  104737.617  16.591  360172.406  78504.500 
 1.029  311.408  5064.293  5064.293  104769.148  15.115  360804.375  78954.656 
 1.031  312.439  5066.041  5066.044  104949.633  15.603  361207.344  79502.766 
 1.032  313.471  5067.808  5067.808  104982.086  15.052  361608.312  79941.828 
 1.034  314.505  5069.593  5069.593  105131.500  13.465  362452.281  80398.852 
 1.036  315.541  5071.398  5071.401  105285.875  14.840  362942.250  80811.820 
 1.037  316.578  5073.222  5073.221  105349.211  15.177  363392.219  81113.742 
 1.039  317.617  5075.065  5075.063  105510.516  15.478  364092.188  81378.617 
 1.041  318.658  5076.927  5076.927  105634.781  15.741  364691.156  81582.445 
 1.042  319.700  5078.808  5078.804  105694.008  14.966  365139.094  81682.227 
 1.044  320.745  5080.708  5080.703  105846.195  16.155  365860.062  81827.969 
 1.046  321.791  5082.627  5082.625  105988.352  16.305  366549.031  81975.656 
 1.048  322.839  5084.565  5084.568  106122.469  15.419  367333.000  82046.297 
 1.050  323.888  5086.522  5086.524  106293.547  15.495  367935.969  82033.891 
 1.052  324.940  5088.499  5088.503  106437.586  13.534  368654.906  81956.445 
 1.054  325.994  5090.494  5090.495  106576.586  15.535  369243.875  82005.945 
 1.056  327.050  5092.508  5092.509  106732.555  15.500  369894.844  81895.406 
 1.058  328.107  5094.542  5094.545  106886.484  15.426  370650.781  81824.812 
 1.060  329.167  5096.594  5096.595  107009.375  14.316  371282.750  81777.172 
 1.062  330.229  5098.666  5098.667  107135.227  17.168  372220.688  81643.492 
 1.064  331.293  5100.756  5100.751  107281.047  15.983  372585.656  81563.758 
 1.066  332.360  5102.866  5102.870  107438.828  14.760  373503.594  81491.984 
 1.069  333.428  5104.994  5104.990  107686.570  15.500  374727.562  81662.156 
 1.071  334.499  5107.142  5107.144  107820.273  15.202  375159.500  81442.289 
 1.073  335.572  5109.309  5109.310  107933.938  12.868  375847.469  81284.375 
 1.075  336.647  5111.495  5111.500  108104.570  12.496  376542.406  81262.406 
 1.078  337.725  5113.699  5113.702  108315.164  12.086  377581.375  81369.398 
 1.080  338.806  5115.923  5115.928  108449.719  10.639  378457.312  81341.336 
 1.083  339.888  5118.166  5118.167  108691.234  12.155  379673.250  81419.234 
 1.085  340.973  5120.428  5120.428  108811.719  11.634  380136.219  81563.086 
 1.088  342.061  5122.709  5122.714  109041.164  12.075  381418.156  81696.891 
 1.090  343.151  5125.009  5125.012  109181.570  11.479  382020.094  81864.641 
 1.093  344.244  5127.329  5127.324  109392.938  8.845  382878.062  82022.352 
 1.095  345.340  5129.667  5129.670  109519.273  12.174  383825.000  82311.016 
 1.098  346.438  5132.024  5132.029  109741.562  15.466  384605.938  82640.633 
 1.101  347.539  5134.400  5134.401  109950.820  14.720  385712.875  82931.203 
 1.104  348.642  5136.795  5136.796  110208.039  12.937  386617.812  83115.727 
 1.106  349.749  5139.210  5139.206  110317.227  9.117  387501.781  83366.203 
 1.109  350.858  5141.644  5141.639  110545.367  10.259  388608.719  83814.625 
 1.112  351.970  5144.096  5144.096  110755.477  11.364  389549.656  84167.008 
 1.115  353.085  5146.567  5146.566  111006.547  9.432  390766.594  84577.344 
 1.118  354.203  5149.058  5149.061  111208.578  10.462  391764.531  85291.633 
 1.121  355.324  5151.568  5151.569  111403.578  10.455  392771.469  85473.883 
 1.124  356.448  5154.097  5154.102  111630.531  13.410  393782.406  85792.078 
 1.127  357.574  5156.644  5156.648  111856.453  11.329  394849.344  86242.227 
 1.130  358.704  5159.211  5159.208  112053.336  8.209  395703.281  86710.328 
 1.133  359.838  5161.797  5161.792  112289.188  7.053  396756.219  87313.383 
 1.136  360.974  5164.402  5164.400  112487.992  5.859  398043.125  87563.391 
 1.139  362.113  5167.026  5167.022  112709.766  7.628  399204.062  87833.352 
 1.143  363.256  5169.669  5169.670  113186.500  7.359  400530.000  88349.273 
 1.146  364.402  5172.331  5172.331  113698.195  7.053  401636.938  88905.141 
 1.149  365.551  5175.012  5175.017  114221.859  9.710  402644.875  89435.961 
 1.153  366.703  5177.712  5177.716  114769.484  10.329  404100.781  90063.734 
 1.156  367.859  5180.431  5180.430  115044.070  9.911  405029.719  90424.469 
 1.159  369.019  5183.169  5183.169  115130.617  11.456  406110.656  90769.148 
 1.163  370.181  5185.927  5185.921  115318.125  8.963  407581.594  90794.781 
 1.166  371.348  5188.703  5188.700  115508.602  4.433  408383.500  91000.375 
 1.170  372.517  5191.499  5191.503  115768.031  5.865  409782.438  91399.914 
 1.173  373.691  5194.313  5194.310  115923.438  5.260  410925.375  91516.414 
 1.177  374.868  5197.146  5197.142  116209.797  3.618  412392.281  91776.859 
 1.181  376.048  5199.999  5199.999  116470.117  3.939  413959.219  92264.266 
 1.184  377.232  5202.871  5202.871  116663.406  4.222  414906.125  92482.617 
 1.188  378.420  5205.761  5205.757  116944.656  5.468  416297.062  92703.930 
 1.192  379.612  5208.671  5208.668  117252.867  6.676  417856.969  92951.188 
 1.195  380.807  5211.600  5211.595  117439.039  3.847  418719.906  93188.406 
 1.199  382.007  5214.547  5214.547  117701.180  4.981  420253.812  93809.578 
 1.203  383.210  5217.514  5217.515  118021.281  4.077  421621.750  93888.695 
 1.207  384.417  5220.500  5220.497  118322.344  5.136  422857.656  94113.773 
 1.211  385.628  5223.505  5223.504  118600.367  6.158  424264.562  94666.805 
 1.215  386.842  5226.529  5226.527  118900.359  4.142  425695.500  95102.781 
 1.219  388.061  5229.572  5229.576  119211.305  4.089  427175.406  94994.719 
 1.223  389.284  5232.634  5232.629  119493.219  3.998  428547.312  95282.609 
 1.227  390.511  5235.715  5235.719  119785.094  4.871  430136.219  95576.453 
 1.231  391.742  5238.816  5238.813  120056.938  3.705  431420.156  95955.250 
 1.235  392.977  5241.935  5241.934  120358.734  4.503  432851.062  96299.000 
 1.239  394.217  5245.073  5245.070  120643.500  6.263  434173.969  96696.695 
 1.244  395.460  5248.230  5248.232  121018.227  5.986  436015.875  97308.352 
 1.248  396.708  5251.407  5251.410  121291.922  4.671  437031.781  97771.961 
 1.252  397.960  5254.603  5254.604  121576.570  5.319  438644.719  98045.523 
 1.256  399.217  5257.817  5257.812  121868.188  4.930  440179.625  98292.039 
 1.261  400.478  5261.050  5261.048  122268.766  6.503  441806.531  98707.508 
 1.265  401.743  5264.303  5264.300  122543.305  8.039  443143.438  99203.930 
 1.270  403.013  5267.575  5267.578  122915.805  10.538  445084.344  99619.305 
 1.274  404.287  5270.865  5270.861  123182.273  11.999  446514.250  100147.633 
 1.279  405.565  5274.175  5274.171  123590.703  14.423  448156.156  100704.922 
 1.283  406.849  5277.504  5277.509  123922.094  13.810  449534.062  101330.156 
 1.288  408.136  5280.852  5280.851  114497.445  8.159  451403.969  94122.344 
 1.292  409.429  5284.219  5284.220  124131.766  9.471  452701.844  102053.484 
 1.297  410.726  5287.604  5287.605  124583.039  9.745  454481.750  102661.578 
 1.302  412.028  5291.010  5291.007  125019.281  7.983  456012.656  103355.633 
 1.307  413.334  5294.434  5294.437  125433.492  10.182  457750.562  103764.633 
 1.311  414.646  5297.877  5297.882  125693.656  9.345  459148.469  104359.586 
 1.316  415.962  5301.339  5301.344  126029.789  8.470  461203.375  104958.492 
 1.321  417.283  5304.820  5304.823  126395.875  9.558  462932.250  105177.359 
 1.326  418.608  5308.320  5308.317  126739.938  8.608  464662.156  105716.172 
 1.331  419.939  5311.840  5311.841  127102.953  9.621  466490.062  106222.945 
 1.336  421.275  5315.378  5315.380  127452.930  7.597  468252.938  106790.664 
 1.341  422.616  5318.936  5318.937  127808.875  10.535  470019.844  107441.336 
 1.346  423.961  5322.512  5322.510  128172.781  6.436  471713.750  107713.969 
 1.351  425.312  5326.107  5326.111  128518.648  9.300  473475.625  108470.547 
 1.356  426.668  5329.722  5329.718  128860.484  11.126  475214.531  108971.086 
 1.361  428.029  5333.355  5333.354  129197.273  11.915  476957.406  109441.570 
 1.366  429.395  5337.008  5337.006  129511.031  8.666  478553.312  109731.016 
 1.371  430.767  5340.680  5340.675  129859.750  9.381  480362.188  110210.414 
 1.377  432.143  5344.371  5344.374  130279.438  11.057  482549.094  111085.758 
 1.382  433.525  5348.081  5348.078  130577.078  11.697  484330.969  111634.062 
 1.387  434.913  5351.810  5351.811  130910.688  12.299  485952.875  111774.320 
 1.393  436.305  5355.557  5355.561  131324.250  11.864  488027.750  112392.523 
 1.398  437.703  5359.324  5359.329  131622.797  11.391  490002.656  113069.688 
 1.403  439.107  5363.110  5363.114  131954.281  8.881  491809.531  113365.805 
 1.409  440.516  5366.915  5366.917  132325.750  11.334  493870.406  113874.875 
 1.414  441.930  5370.739  5370.738  132616.156  8.749  495550.281  114223.891 
 1.420  443.350  5374.583  5374.588  133046.547  12.127  497691.188  114926.867 
 1.426  444.776  5378.445  5378.444  133448.891  13.468  499875.062  115535.797 
 1.431  446.207  5382.326  5382.330  133720.203  7.771  501305.938  115886.680 
 1.437  447.644  5386.226  5386.222  134125.469  9.037  503721.812  116450.516 
 1.443  449.086  5390.146  5390.144  134478.703  6.265  505753.719  117240.305 
 1.448  450.535  5394.084  5394.084  134760.906  7.457  507398.594  117666.047 
 1.454  451.989  5398.042  5398.042  135152.062  8.610  509505.469  118018.742 
 1.460  453.448  5402.018  5402.019  135527.188  8.727  511270.344  118652.391 
 1.466  454.914  5406.014  5406.013  135979.266  6.806  513687.219  119292.992 
 1.472  456.386  5410.028  5410.026  134475.312  7.848  515824.094  118404.547 
 1.477  457.863  5414.062  5414.058  135173.328  7.852  517631.969  119197.055 
 1.483  459.346  5418.114  5418.121  136458.297  12.819  519697.844  120654.516 
 1.489  460.836  5422.186  5422.189  136804.234  16.749  521896.719  121174.930 
 1.495  462.331  5426.277  5426.277  137102.141  15.641  523818.594  121818.297 
 1.501  463.833  5430.387  5430.383  137393.000  14.496  525951.500  122570.625 
 1.508  465.340  5434.516  5434.520  137814.828  16.314  528385.312  123132.898 
 1.514  466.854  5438.664  5438.664  138117.609  15.094  530631.188  123696.125 
 1.520  468.374  5442.831  5442.827  138394.359  17.837  532407.062  124191.305 
 1.526  469.900  5447.017  5447.021  138701.062  20.543  534893.938  124860.445 
 1.532  471.432  5451.222  5451.223  138932.750  18.211  536840.812  125437.531 
 1.539  472.971  5455.446  5455.443  139368.375  19.842  539194.688  126253.570 
 1.545  474.516  5459.689  5459.695  139629.984  20.435  541524.562  126752.570 
 1.551  476.067  5463.952  5463.955  139902.547  16.992  543481.438  127401.516 
 1.558  477.625  5468.233  5468.233  140261.062  14.510  545963.312  128136.414 
 1.564  479.189  5472.533  5472.531  140523.562  13.992  548240.125  128697.273 
 1.571  480.760  5476.853  5476.849  140883.000  16.436  550511.000  129192.078 
 1.577  482.337  5481.191  5481.187  141138.422  14.843  552617.875  129707.844 
 1.584  483.920  5485.548  5485.543  141516.797  13.212  555142.750  130444.555 
 1.590  485.510  5489.925  5489.921  141782.141  9.544  557299.625  131086.219 
 1.597  487.107  5494.321  5494.318  142138.438  8.839  559638.438  131814.844 
 1.603  488.711  5498.735  5498.735  142375.703  7.096  561727.312  132307.422 
 1.610  490.321  5503.169  5503.172  142742.922  8.316  563928.188  133014.953 
 1.617  491.938  5507.622  5507.617  143089.109  8.499  566772.062  133702.438 
 1.624  493.561  5512.093  5512.095  143438.266  13.644  569120.875  134424.859 
 1.630  495.192  5516.584  5516.580  143662.375  8.752  571339.750  135246.250 
 1.637  496.829  5521.094  5521.099  144023.453  8.822  573643.625  135786.594 
 1.644  498.473  5525.623  5525.625  144389.500  6.855  576084.500  136332.891 
 1.651  500.124  5530.171  5530.172  144707.500  9.851  578663.312  137055.141 
 1.658  501.782  5534.738  5534.740  145069.469  8.810  580987.188  137730.344 
 1.665  503.447  5539.324  5539.328  145386.391  11.731  583413.062  138688.500 
 1.672  505.119  5543.930  5543.925  145760.281  11.615  586031.875  139416.609 
 1.679  506.798  5548.554  5548.555  146085.141  11.461  588328.750  139893.672 
 1.686  508.484  5553.197  5553.193  146437.953  14.270  590677.562  140619.688 
 1.693  510.178  5557.859  5557.866  146780.734  14.042  593252.438  141506.656 
 1.700  511.878  5562.541  5562.546  147111.469  11.776  595892.312  142084.562 
 1.708  513.586  5567.241  5567.235  147547.188  16.473  598517.125  142779.438 
 1.715  515.300  5571.960  5571.958  147865.844  20.133  601084.000  143582.266 
 1.722  517.023  5576.699  5576.704  148169.484  13.755  603600.812  144494.047 
 1.729  518.752  5581.457  5581.457  148467.062  18.340  605952.688  145213.797 
 1.737  520.489  5586.233  5586.232  148868.625  16.887  608803.500  145627.484 
 1.744  522.233  5591.029  5591.028  149165.141  17.398  610764.375  146301.125 
 1.752  523.985  5595.843  5595.847  149570.625  18.870  613843.188  147180.719 
 1.759  525.744  5600.677  5600.674  149833.062  17.306  616365.062  148077.266 
 1.767  527.510  5605.530  5605.536  150175.469  17.704  618963.875  149163.766 
 1.774  529.284  5610.402  5610.408  150475.844  19.065  621526.750  149851.219 
 1.782  531.066  5615.293  5615.288  150812.172  17.388  624546.562  150608.625 
 1.789  532.855  5620.203  5620.203  151060.469  13.674  627002.438  151475.984 
 1.797  534.652  5625.132  5625.128  151400.719  10.923  629787.250  152089.297 
 1.805  536.457  5630.080  5630.075  151702.938  10.134  632336.125  152950.562 
 1.812  538.269  5635.047  5635.045  151953.125  12.308  634886.938  153351.797 
 1.820  540.089  5640.033  5640.037  152250.266  13.445  637794.750  154088.969 
 1.828  541.917  5645.038  5645.039  152564.375  14.544  640698.625  155128.094 
 1.836  543.753  5650.062  5650.062  152789.438  8.606  643499.438  155773.172 
 1.844  545.596  5655.106  5655.110  153120.469  6.631  646159.312  156524.203 
 1.851  547.448  5660.168  5660.167  153335.469  7.618  648657.125  157218.203 
 1.859  549.307  5665.250  5665.246  153580.422  8.568  651203.938  157964.141 
 1.867  551.175  5670.350  5670.349  153830.344  11.480  654042.812  158773.031 
 1.875  553.050  5675.469  5675.475  154067.234  10.355  656975.625  159488.875 
 1.883  554.933  5680.608  5680.610  154309.078  11.193  659885.438  160108.688 
 1.892  556.825  5685.766  5685.770  154637.891  13.994  662813.250  160951.438 
 1.900  558.725  5690.942  5690.939  154841.656  11.757  665539.125  161660.141 
 1.908  560.632  5696.138  5696.131  155048.391  15.482  668737.938  162571.812 
 1.916  562.548  5701.353  5701.348  155239.094  15.171  671195.750  163158.422 
 1.924  564.473  5706.586  5706.588  155441.750  15.822  674063.562  163921.984 
 1.933  566.405  5711.839  5711.838  155824.375  17.436  677233.438  164808.516 
 1.941  568.346  5717.111  5717.112  156625.953  14.012  679976.250  166205.984 
 1.949  570.295  5722.402  5722.396  157368.500  15.551  682827.062  167616.406 
 1.958  572.253  5727.712  5727.719  157879.016  14.052  686078.875  168536.797 
 1.966  574.219  5733.041  5733.038  157815.484  13.517  688977.688  168969.125 
 1.974  576.193  5738.389  5738.395  157814.922  1.943  691558.562  169620.422 
 1.983  578.176  5743.756  5743.763  157945.312  7.333  694761.375  170395.656 
 1.991  580.167  5749.143  5749.141  157977.672  8.685  697487.188  170660.859 
 2.000  582.167  5754.548  5754.544  158108.000  5.000  700892.000  171417.000 