SSRL   EXAFS Data Collector 4.0       
Wed Feb 21 14:37:15 2018              
PTS:        504 COLS:          8
lytle.det                             
TiEXAFS.rgn                           
43 unfocused  0.000 0 X 3.135500 20000                                        
5 1000 600 REP 0 0                    
20161107_CalixTi_SiO2 cTi_1                                                   
lytle                                                                         
T = 200C , He = 30 sscm                                                       
EXAFS                                                                         
                                                                              
                                                                              

Weights: 
 1.000  1.000  1.000  1.000  1.000  1.000  1.000  1.000 
Offsets: 
 0.000  0.000  0.000  0.000  1013.000  1014.000  21.000  1267.000 
Data: 
Real time clock   
Total time        
Requested Energy  
Achieved Energy   
I0                
I1                
I2                
Lytle             

 1.000  1.000  4730.000  4730.002  109220.000  16.000  200474.000  20645.000 
 1.000  2.000  4740.500  4740.498  108956.000  13.000  200527.000  20917.000 
 1.000  3.000  4751.000  4750.999  108766.000  14.000  200429.000  21224.000 
 1.000  4.000  4761.500  4761.497  108575.000  14.000  200474.000  21565.000 
 1.000  5.000  4772.000  4772.000  108313.000  16.000  200456.000  21841.000 
 1.000  6.000  4782.500  4782.500  108097.000  14.000  200439.000  22161.000 
 1.000  7.000  4793.000  4792.996  107905.000  14.000  200511.000  22481.000 
 1.000  8.000  4803.500  4803.496  107653.000  15.000  200504.000  22772.000 
 1.000  9.000  4814.000  4814.000  107451.000  14.000  200441.000  23082.000 
 1.000  10.000  4824.500  4824.499  107202.000  15.000  200560.000  23413.000 
 1.000  11.000  4835.000  4835.001  106976.000  16.000  200399.000  23729.000 
 1.000  12.000  4845.500  4845.497  106708.000  17.000  200404.000  24047.000 
 1.000  13.000  4856.000  4855.996  106511.000  17.000  200495.000  24381.000 
 1.000  14.000  4866.500  4866.497  106299.000  19.000  200515.000  24724.000 
 1.000  15.000  4877.000  4877.000  106039.000  15.000  200551.000  25075.000 
 1.000  16.000  4887.500  4887.504  105770.000  15.000  200545.000  25360.000 
 1.000  17.000  4898.000  4898.000  105587.000  15.000  200397.000  25720.000 
 1.000  18.000  4908.500  4908.498  105336.000  14.000  200589.000  26065.000 
 1.000  19.000  4919.000  4918.996  105103.000  13.000  200487.000  26389.000 
 1.000  20.000  4929.500  4929.504  104876.000  12.000  200500.000  26781.000 
 1.000  21.000  4940.000  4940.002  104648.000  10.000  200506.000  27115.000 
 1.000  22.000  4940.500  4940.496  104645.000  13.000  200472.000  27165.000 
 1.000  23.000  4941.000  4941.000  104631.000  13.000  200450.000  27170.000 
 1.000  24.000  4941.500  4941.503  104612.000  13.000  200483.000  27193.000 
 1.000  25.000  4942.000  4941.997  104598.000  14.000  200560.000  27218.000 
 1.000  26.000  4942.500  4942.501  104558.000  17.000  200501.000  27232.000 
 1.000  27.000  4943.000  4943.005  104573.000  17.000  200568.000  27245.000 
 1.000  28.000  4943.500  4943.499  104537.000  16.000  200466.000  27229.000 
 1.000  29.000  4944.000  4944.003  104524.000  12.000  200440.000  27271.000 
 1.000  30.000  4944.500  4944.498  104521.000  12.000  200452.000  27296.000 
 1.000  31.000  4945.000  4945.002  104486.000  13.000  200417.000  27330.000 
 1.000  32.000  4945.500  4945.497  104471.000  15.000  200435.000  27348.000 
 1.000  33.000  4946.000  4946.002  104464.000  15.000  200462.000  27345.000 
 1.000  34.000  4946.500  4946.497  104460.000  14.000  200472.000  27372.000 
 1.000  35.000  4947.000  4947.001  104427.000  16.000  200334.000  27380.000 
 1.000  36.000  4947.500  4947.497  104430.000  15.000  200460.000  27423.000 
 1.000  37.000  4948.000  4948.002  104411.000  15.000  200415.000  27426.000 
 1.000  38.000  4948.500  4948.498  104401.000  15.000  200485.000  27451.000 
 1.000  39.000  4949.000  4949.003  104370.000  15.000  200469.000  27471.000 
 1.000  40.000  4949.500  4949.499  104359.000  15.000  200523.000  27495.000 
 1.000  41.000  4950.000  4950.004  104349.000  15.000  200450.000  27526.000 
 1.000  42.000  4950.500  4950.500  104325.000  16.000  200439.000  27527.000 
 1.000  43.000  4951.000  4950.996  104319.000  15.000  200438.000  27572.000 
 1.000  44.000  4951.500  4951.501  104303.000  16.000  200543.000  27589.000 
 1.000  45.000  4952.000  4951.998  104297.000  16.000  200407.000  27596.000 
 1.000  46.000  4952.500  4952.504  104270.000  16.000  200412.000  27601.000 
 1.000  47.000  4953.000  4953.000  104260.000  15.000  200426.000  27636.000 
 1.000  48.000  4953.500  4953.497  104258.000  13.000  200502.000  27670.000 
 1.000  49.000  4954.000  4954.003  104227.000  13.000  200568.000  27710.000 
 1.000  50.000  4954.500  4954.500  104215.000  14.000  200416.000  27715.000 
 1.000  51.000  4955.000  4954.997  104187.000  12.000  200437.000  27758.000 
 1.000  52.000  4955.500  4955.503  104173.000  13.000  200453.000  27779.000 
 1.000  53.000  4956.000  4956.000  104152.000  13.000  200494.000  27826.000 
 1.000  54.000  4956.500  4956.498  104140.000  13.000  200457.000  27822.000 
 1.000  55.000  4957.000  4957.005  104115.000  11.000  200437.000  27831.000 
 1.000  56.000  4957.500  4957.502  104130.000  11.000  200416.000  27868.000 
 1.000  57.000  4958.000  4958.000  104109.000  12.000  200447.000  27889.000 
 1.000  58.000  4958.500  4958.497  104087.000  11.000  200493.000  27927.000 
 1.000  59.000  4959.000  4959.005  104062.000  11.000  200513.000  27961.000 
 1.000  60.000  4959.500  4959.502  104060.000  12.000  200459.000  27984.000 
 1.000  61.000  4960.000  4960.000  104036.000  12.000  200518.000  28044.000 
 1.000  62.000  4960.500  4960.499  104012.000  12.000  200462.000  28071.000 
 1.000  63.000  4961.000  4960.997  104009.000  17.000  200381.000  28114.000 
 1.000  64.000  4961.500  4961.505  103996.000  12.000  200466.000  28175.000 
 1.000  65.000  4962.000  4962.003  103982.000  12.000  200537.000  28212.000 
 1.000  66.000  4962.500  4962.501  103964.000  9.000  200597.000  28259.000 
 1.000  67.000  4963.000  4963.000  103951.000  9.000  200591.000  28309.000 
 1.000  68.000  4963.500  4963.499  103927.000  11.000  200596.000  28369.000 
 1.000  69.000  4964.000  4963.998  103923.000  11.000  200548.000  28458.000 
 1.000  70.000  4964.500  4964.496  103907.000  15.000  200483.000  28564.000 
 1.000  71.000  4965.000  4964.995  103891.000  12.000  200469.000  28647.000 
 1.000  72.000  4965.100  4965.095  103884.000  12.000  200377.000  28685.000 
 1.000  73.000  4965.200  4965.205  103890.000  11.000  200468.000  28709.000 
 1.000  74.000  4965.300  4965.305  103882.000  12.000  200459.000  28709.000 
 1.000  75.000  4965.400  4965.404  103873.000  13.000  200383.000  28761.000 
 1.000  76.000  4965.500  4965.504  103863.000  14.000  200517.000  28781.000 
 1.000  77.000  4965.600  4965.604  103860.000  13.000  200356.000  28804.000 
 1.000  78.000  4965.700  4965.704  103857.000  13.000  200384.000  28844.000 
 1.000  79.000  4965.800  4965.804  103839.000  13.000  200436.000  28903.000 
 1.000  80.000  4965.900  4965.904  103849.000  14.000  200464.000  28926.000 
 1.000  81.000  4966.000  4966.003  103835.000  12.000  200409.000  28959.000 
 1.000  82.000  4966.100  4966.104  103837.000  13.000  200459.000  28992.000 
 1.000  83.000  4966.200  4966.203  103819.000  14.000  200437.000  29055.000 
 1.000  84.000  4966.300  4966.303  103814.000  13.000  200487.000  29123.000 
 1.000  85.000  4966.400  4966.403  103802.000  13.000  200485.000  29156.000 
 1.000  86.000  4966.500  4966.503  103800.000  12.000  200528.000  29243.000 
 1.000  87.000  4966.600  4966.603  103784.000  12.000  200511.000  29260.000 
 1.000  88.000  4966.700  4966.703  103791.000  13.000  200513.000  29351.000 
 1.000  89.000  4966.800  4966.802  103773.000  12.000  200661.000  29420.000 
 1.000  90.000  4966.900  4966.902  103767.000  12.000  200552.000  29519.000 
 1.000  91.000  4967.000  4967.002  103763.000  14.000  200514.000  29585.000 
 1.000  92.000  4967.100  4967.102  103747.000  14.000  200306.000  29716.000 
 1.000  93.000  4967.200  4967.202  103728.000  14.000  200458.000  29817.000 
 1.000  94.000  4967.300  4967.302  103736.000  15.000  200487.000  29958.000 
 1.000  95.000  4967.400  4967.402  103739.000  15.000  200529.000  30093.000 
 1.000  96.000  4967.500  4967.502  103729.000  15.000  200512.000  30299.000 
 1.000  97.000  4967.600  4967.602  103744.000  15.000  200501.000  30503.000 
 1.000  98.000  4967.700  4967.702  103718.000  15.000  200445.000  30750.000 
 1.000  99.000  4967.800  4967.802  103702.000  14.000  200475.000  31055.000 
 1.000  100.000  4967.900  4967.901  103693.000  14.000  200535.000  31347.000 
 1.000  101.000  4968.000  4968.001  103676.000  15.000  200490.000  31743.000 
 1.000  102.000  4968.100  4968.102  103686.000  13.000  200491.000  32230.000 
 1.000  103.000  4968.200  4968.201  103674.000  11.000  200495.000  32786.000 
 1.000  104.000  4968.300  4968.301  103676.000  13.000  200430.000  33392.000 
 1.000  105.000  4968.400  4968.401  103656.000  12.000  200488.000  34115.000 
 1.000  106.000  4968.500  4968.501  103663.000  13.000  200512.000  34946.000 
 1.000  107.000  4968.600  4968.601  103643.000  12.000  200487.000  35861.000 
 1.000  108.000  4968.700  4968.701  103638.000  12.000  200448.000  36895.000 
 1.000  109.000  4968.800  4968.801  103614.000  12.000  200529.000  38035.000 
 1.000  110.000  4968.900  4968.901  103613.000  13.000  200529.000  39339.000 
 1.000  111.000  4969.000  4969.001  103623.000  13.000  200561.000  40785.000 
 1.000  112.000  4969.100  4969.101  103616.000  13.000  200625.000  42465.000 
 1.000  113.000  4969.200  4969.201  103726.000  14.000  200428.000  44274.000 
 1.000  114.000  4969.300  4969.301  103946.000  14.000  200510.000  46270.000 
 1.000  115.000  4969.400  4969.401  104123.000  11.000  200482.000  48245.000 
 1.000  116.000  4969.500  4969.501  104278.000  12.000  200468.000  50149.000 
 1.000  117.000  4969.600  4969.601  104434.000  11.000  200402.000  51861.000 
 1.000  118.000  4969.700  4969.701  104570.000  10.000  200382.000  53230.000 
 1.000  119.000  4969.800  4969.801  104532.000  10.000  200473.000  54091.000 
 1.000  120.000  4969.900  4969.901  104426.000  12.000  200535.000  54483.000 
 1.000  121.000  4970.000  4970.001  104343.000  13.000  200338.000  54426.000 
 1.000  122.000  4970.100  4970.101  104272.000  15.000  200478.000  53958.000 
 1.000  123.000  4970.200  4970.201  104217.000  15.000  200414.000  53033.000 
 1.000  124.000  4970.300  4970.301  104169.000  13.000  200464.000  51827.000 
 1.000  125.000  4970.400  4970.401  104109.000  13.000  200455.000  50384.000 
 1.000  126.000  4970.500  4970.501  104079.000  13.000  200637.000  48796.000 
 1.000  127.000  4970.600  4970.602  104045.000  14.000  200434.000  47139.000 
 1.000  128.000  4970.700  4970.702  104015.000  13.000  200389.000  45480.000 
 1.000  129.000  4970.800  4970.801  104000.000  12.000  200423.000  43856.000 
 1.000  130.000  4970.900  4970.901  103962.000  13.000  200430.000  42362.000 
 1.000  131.000  4971.000  4971.001  103967.000  12.000  200451.000  41026.000 
 1.000  132.000  4971.100  4971.102  103961.000  11.000  200526.000  39849.000 
 1.000  133.000  4971.200  4971.202  103937.000  12.000  200395.000  38778.000 
 1.000  134.000  4971.300  4971.302  103947.000  13.000  200511.000  37858.000 
 1.000  135.000  4971.400  4971.402  103919.000  13.000  200409.000  37111.000 
 1.000  136.000  4971.500  4971.502  103933.000  15.000  200452.000  36450.000 
 1.000  137.000  4971.600  4971.602  103916.000  14.000  200429.000  35923.000 
 1.000  138.000  4971.700  4971.702  103918.000  13.000  200491.000  35454.000 
 1.000  139.000  4971.800  4971.802  103910.000  15.000  200493.000  35109.000 
 1.000  140.000  4971.900  4971.902  103901.000  13.000  200392.000  34808.000 
 1.000  141.000  4972.000  4972.002  103908.000  13.000  200624.000  34558.000 
 1.000  142.000  4972.100  4972.103  103905.000  13.000  200563.000  34360.000 
 1.000  143.000  4972.200  4972.203  103883.000  12.000  200576.000  34195.000 
 1.000  144.000  4972.300  4972.303  103912.000  13.000  200553.000  34054.000 
 1.000  145.000  4972.400  4972.403  103914.000  13.000  200437.000  33967.000 
 1.000  146.000  4972.500  4972.503  103914.000  14.000  200649.000  33894.000 
 1.000  147.000  4972.600  4972.604  103938.000  13.000  200509.000  33866.000 
 1.000  148.000  4972.700  4972.704  103933.000  15.000  200481.000  33817.000 
 1.000  149.000  4972.800  4972.804  103922.000  17.000  200567.000  33849.000 
 1.000  150.000  4972.900  4972.904  103931.000  16.000  200591.000  33831.000 
 1.000  151.000  4973.000  4973.004  103927.000  16.000  200349.000  33827.000 
 1.000  152.000  4973.100  4973.104  103929.000  16.000  200365.000  33864.000 
 1.000  153.000  4973.200  4973.204  103934.000  18.000  200480.000  33881.000 
 1.000  154.000  4973.300  4973.305  103922.000  19.000  200592.000  33962.000 
 1.000  155.000  4973.400  4973.405  103925.000  19.000  200435.000  33995.000 
 1.000  156.000  4973.500  4973.505  103918.000  20.000  200449.000  34047.000 
 1.000  157.000  4973.600  4973.605  103947.000  20.000  200523.000  34133.000 
 1.000  158.000  4973.700  4973.695  103925.000  18.000  200493.000  34167.000 
 1.000  159.000  4973.800  4973.795  103938.000  19.000  200506.000  34277.000 
 1.000  160.000  4973.900  4973.896  103937.000  18.000  200413.000  34340.000 
 1.000  161.000  4974.000  4973.996  103939.000  17.000  200447.000  34466.000 
 1.000  162.000  4974.100  4974.096  103952.000  17.000  200432.000  34566.000 
 1.000  163.000  4974.200  4974.196  103946.000  19.000  200596.000  34701.000 
 1.000  164.000  4974.300  4974.296  103945.000  18.000  200450.000  34844.000 
 1.000  165.000  4974.400  4974.396  103943.000  18.000  200515.000  35010.000 
 1.000  166.000  4974.500  4974.497  103957.000  19.000  200491.000  35147.000 
 1.000  167.000  4974.600  4974.597  103961.000  20.000  200451.000  35334.000 
 1.000  168.000  4974.700  4974.697  103954.000  16.000  200482.000  35499.000 
 1.000  169.000  4974.800  4974.797  103953.000  15.000  200400.000  35699.000 
 1.000  170.000  4974.900  4974.898  103952.000  15.000  200463.000  35897.000 
 1.000  171.000  4975.000  4974.998  103969.000  16.000  200577.000  36127.000 
 1.000  172.000  4975.350  4975.349  103972.000  15.000  200515.000  36998.000 
 1.000  173.000  4975.700  4975.700  103958.000  15.000  200461.000  38009.000 
 1.000  174.000  4976.050  4976.051  103947.000  16.000  200466.000  39230.000 
 1.000  175.000  4976.400  4976.402  103954.000  14.000  200623.000  40554.000 
 1.000  176.000  4976.750  4976.753  103955.000  15.000  200462.000  42034.000 
 1.000  177.000  4977.100  4977.104  103934.000  16.000  200555.000  43638.000 
 1.000  178.000  4977.450  4977.445  103943.000  15.000  200551.000  45254.000 
 1.000  179.000  4977.800  4977.797  103934.000  16.000  200604.000  46912.000 
 1.000  180.000  4978.150  4978.148  103915.000  17.000  200528.000  48499.000 
 1.000  181.000  4978.500  4978.500  103921.000  15.000  200502.000  50053.000 
 1.000  182.000  4978.850  4978.851  103912.000  16.000  200504.000  51574.000 
 1.000  183.000  4979.200  4979.202  103920.000  15.000  200540.000  53131.000 
 1.000  184.000  4979.550  4979.554  103922.000  15.000  200549.000  54711.000 
 1.000  185.000  4979.900  4979.896  103912.000  16.000  200587.000  56280.000 
 1.000  186.000  4980.250  4980.247  103907.000  15.000  200442.000  58026.000 
 1.000  187.000  4980.600  4980.599  103885.000  16.000  200537.000  59874.000 
 1.000  188.000  4980.950  4980.951  103880.000  17.000  200443.000  61742.000 
 1.000  189.000  4981.300  4981.302  103873.000  17.000  200436.000  63740.000 
 1.000  190.000  4981.650  4981.654  103868.000  17.000  200552.000  65848.000 
 1.000  191.000  4982.000  4981.996  103870.000  17.000  200451.000  68035.000 
 1.000  192.000  4982.350  4982.348  103865.000  16.000  200574.000  70383.000 
 1.000  193.000  4982.700  4982.700  103862.000  16.000  200438.000  72835.000 
 1.000  194.000  4983.050  4983.052  103865.000  17.000  200499.000  75327.000 
 1.000  195.000  4983.400  4983.404  103860.000  16.000  200456.000  77728.000 
 1.000  196.000  4983.750  4983.747  103842.000  16.000  200473.000  80031.000 
 1.000  197.000  4984.100  4984.099  103834.000  15.000  200494.000  82261.000 
 1.000  198.000  4984.450  4984.451  103827.000  15.000  200426.000  84222.000 
 1.000  199.000  4984.800  4984.803  103818.000  15.000  200516.000  85970.000 
 1.000  200.000  4985.150  4985.146  103813.000  16.000  200562.000  87532.000 
 1.000  201.000  4985.500  4985.498  103812.000  16.000  200572.000  88922.000 
 1.000  202.000  4985.850  4985.851  103794.000  15.000  200385.000  90063.000 
 1.000  203.000  4986.200  4986.203  103777.000  15.000  200550.000  91030.000 
 1.000  204.000  4986.550  4986.546  103764.000  15.000  200553.000  91755.000 
 1.000  205.000  4986.900  4986.898  103757.000  15.000  200513.000  92495.000 
 1.000  206.000  4987.250  4987.251  103743.000  14.000  200450.000  93063.000 
 1.000  207.000  4987.600  4987.604  103715.000  15.000  200518.000  93513.000 
 1.000  208.000  4987.950  4987.947  103707.000  17.000  200644.000  93925.000 
 1.000  209.000  4988.300  4988.300  103714.000  18.000  200549.000  94321.000 
 1.000  210.000  4988.650  4988.653  103704.000  18.000  200547.000  94612.000 
 1.000  211.000  4989.000  4988.996  103684.000  18.000  200444.000  94864.000 
 1.000  212.000  4989.350  4989.349  103675.000  19.000  200459.000  95119.000 
 1.000  213.000  4989.700  4989.702  103663.000  19.000  200500.000  95418.000 
 1.000  214.000  4990.050  4990.055  103665.000  18.000  200457.000  95665.000 
 1.000  215.000  4990.400  4990.398  103635.000  18.000  200514.000  95939.000 
 1.000  216.000  4990.750  4990.751  103649.000  19.000  200520.000  96184.000 
 1.000  217.000  4991.100  4991.104  103621.000  16.000  200428.000  96331.000 
 1.000  218.000  4991.450  4991.448  103630.000  17.000  200508.000  96602.000 
 1.000  219.000  4991.800  4991.801  103613.000  18.000  200497.000  96807.000 
 1.000  220.000  4992.150  4992.155  103603.000  18.000  200496.000  97003.000 
 1.000  221.000  4992.500  4992.498  103591.000  18.000  200479.000  97235.000 
 1.000  222.000  4992.850  4992.852  103581.000  19.000  200583.000  97447.000 
 1.000  223.000  4993.200  4993.195  103582.000  19.000  200395.000  97670.000 
 1.000  224.000  4993.550  4993.549  103556.000  19.000  200528.000  97797.000 
 1.000  225.000  4993.900  4993.903  103548.000  20.000  200640.000  97961.000 
 1.000  226.000  4994.250  4994.247  103515.000  19.000  200439.000  98099.000 
 1.000  227.000  4994.600  4994.601  103506.000  18.000  200520.000  98210.000 
 1.000  228.000  4994.950  4994.955  103493.000  18.000  200507.000  98392.000 
 1.000  229.000  4995.300  4995.298  103477.000  19.000  200408.000  98489.000 
 1.000  230.000  4995.650  4995.652  103457.000  19.000  200505.000  98594.000 
 1.000  231.000  4996.000  4995.996  103460.000  18.000  200527.000  98779.000 
 1.000  232.000  4996.350  4996.351  103444.000  19.000  200488.000  98878.000 
 1.000  233.000  4996.700  4996.705  103432.000  18.000  200383.000  99024.000 
 1.000  234.000  4997.050  4997.049  103428.000  18.000  200517.000  99169.000 
 1.000  235.000  4997.400  4997.403  103417.000  18.000  200564.000  99220.000 
 1.000  236.000  4997.750  4997.747  103378.000  19.000  200453.000  99323.000 
 1.000  237.000  4998.100  4998.102  103402.000  18.000  200409.000  99432.000 
 1.000  238.000  4998.450  4998.446  103380.000  18.000  200439.000  99524.000 
 1.000  239.000  4998.800  4998.801  103352.000  18.000  200380.000  99626.000 
 1.000  240.000  4999.150  4999.145  103357.000  17.000  200475.000  99802.000 
 1.000  241.000  4999.500  4999.500  103339.000  18.000  200462.000  99886.000 
 1.000  242.000  4999.850  4999.854  103313.000  18.000  200475.000  99962.000 
 1.000  243.000  5000.200  5000.199  103330.000  18.000  200506.000  100115.000 
 1.000  244.000  5000.550  5000.554  103294.000  17.000  200574.000  100233.000 
 1.000  245.000  5000.900  5000.898  103285.000  19.000  200588.000  100299.000 
 1.000  246.000  5001.250  5001.253  103273.000  21.000  200511.000  100365.000 
 1.000  247.000  5001.600  5001.598  103260.000  19.000  200461.000  100395.000 
 1.000  248.000  5001.950  5001.953  103242.000  19.000  200418.000  100395.000 
 1.000  249.000  5002.300  5002.298  103220.000  19.000  200528.000  100431.000 
 1.000  250.000  5002.650  5002.653  103226.000  16.000  200471.000  100444.000 
 1.000  251.000  5003.000  5002.998  103199.000  16.000  200459.000  100430.000 
 1.000  252.000  5003.350  5003.354  103176.000  17.000  200509.000  100391.000 
 1.000  253.000  5003.700  5003.699  103175.000  17.000  200525.000  100382.000 
 1.000  254.000  5004.050  5004.054  103151.000  17.000  200429.000  100320.000 
 1.000  255.000  5004.400  5004.399  103147.000  16.000  200669.000  100188.000 
 1.000  256.000  5004.750  5004.754  103136.000  17.000  200579.000  100078.000 
 1.000  257.000  5005.100  5005.100  103110.000  16.000  200613.000  99980.000 
 1.000  258.000  5005.450  5005.445  103111.000  17.000  200522.000  99869.000 
 1.000  259.000  5005.800  5005.801  103092.000  18.000  200598.000  99658.000 
 1.000  260.000  5006.150  5006.146  103077.000  18.000  200639.000  99509.000 
 1.000  261.000  5006.500  5006.502  103066.000  18.000  200622.000  99312.000 
 1.000  262.000  5006.850  5006.848  103066.000  17.000  200548.000  99070.000 
 1.000  263.000  5007.200  5007.204  103043.000  17.000  200503.000  98843.000 
 1.000  264.000  5007.550  5007.549  103017.000  16.000  200523.000  98632.000 
 1.000  265.000  5007.900  5007.895  103009.000  17.000  200611.000  98360.000 
 1.000  266.000  5008.250  5008.251  103005.000  16.000  200641.000  98132.000 
 1.000  267.000  5008.600  5008.597  102981.000  17.000  200450.000  97919.000 
 1.000  268.000  5008.950  5008.953  102976.000  16.000  200505.000  97692.000 
 1.000  269.000  5009.300  5009.299  102950.000  17.000  200436.000  97535.000 
 1.000  270.000  5009.650  5009.645  102943.000  17.000  200481.000  97382.000 
 1.000  271.000  5010.008  5010.011  102935.000  18.000  200498.000  97186.000 
 1.000  272.000  5010.994  5010.989  102888.984  17.981  200440.000  96335.977 
 1.000  273.000  5011.999  5011.998  102864.922  20.925  200525.000  95080.906 
 1.000  274.000  5013.022  5013.027  102853.836  19.832  200606.000  93762.789 
 1.000  275.001  5014.065  5014.066  102803.703  15.701  200696.000  92732.625 
 1.000  276.001  5015.127  5015.127  102762.531  15.533  200491.984  91782.414 
 1.001  277.002  5016.208  5016.209  102864.328  16.328  200753.984  91215.156 
 1.001  278.003  5017.308  5017.312  102799.086  17.085  200713.984  90533.859 
 1.001  279.004  5018.427  5018.425  102780.805  15.805  200634.969  90050.508 
 1.001  280.005  5019.565  5019.570  102739.492  16.487  200633.969  89351.109 
 1.002  281.007  5020.722  5020.725  102819.133  17.132  200910.969  88613.664 
 1.002  282.009  5021.898  5021.901  102791.742  15.740  200911.953  87754.180 
 1.003  283.012  5023.093  5023.089  102851.312  21.310  201111.938  87039.641 
 1.003  284.015  5024.308  5024.308  102827.844  17.843  201163.938  86338.055 
 1.004  285.019  5025.541  5025.537  102901.344  16.339  201423.922  85770.422 
 1.004  286.023  5026.793  5026.798  102819.805  15.797  201299.906  85229.750 
 1.005  287.028  5028.064  5028.060  102933.227  16.218  201516.906  84944.023 
 1.005  288.033  5029.355  5029.353  102852.609  15.602  201644.891  84594.258 
 1.006  289.039  5030.665  5030.667  102952.953  15.948  201782.875  84391.438 
 1.007  290.046  5031.993  5031.993  103030.266  17.257  201897.859  84316.578 
 1.007  291.053  5033.341  5033.339  102999.539  16.529  201993.844  84269.664 
 1.008  292.061  5034.708  5034.708  103047.773  15.763  202171.828  84416.711 
 1.009  293.070  5036.093  5036.097  103098.969  16.960  202240.812  84602.703 
 1.010  294.080  5037.498  5037.498  103182.133  18.119  202527.797  84912.656 
 1.011  295.090  5038.921  5038.919  103240.250  16.242  202677.781  85263.555 
 1.012  296.102  5040.364  5040.363  103315.336  16.326  202976.766  85726.414 
 1.012  297.114  5041.826  5041.829  103257.383  14.374  202835.734  86084.227 
 1.013  298.128  5043.307  5043.305  103344.398  16.384  203090.719  86573.984 
 1.014  299.142  5044.807  5044.803  103388.367  15.357  203349.703  87039.703 
 1.015  300.158  5046.326  5046.323  103446.305  19.292  203641.672  87564.375 
 1.017  301.174  5047.864  5047.864  103603.203  19.190  203999.656  88190.992 
 1.018  302.192  5049.421  5049.417  103709.070  20.051  204168.625  88830.570 
 1.019  303.211  5050.998  5051.001  103756.891  15.874  204370.609  89314.102 
 1.020  304.231  5052.593  5052.598  103800.680  15.660  204599.578  89940.586 
 1.021  305.252  5054.208  5054.206  103861.430  17.408  204761.547  90515.023 
 1.023  306.275  5055.841  5055.846  104008.141  18.120  205209.531  91236.414 
 1.024  307.299  5057.493  5057.498  104062.820  17.794  205406.500  91780.750 
 1.025  308.324  5059.165  5059.161  104120.453  16.430  205647.469  92310.047 
 1.027  309.350  5060.855  5060.856  104292.055  17.029  205989.438  93018.297 
 1.028  310.378  5062.564  5062.563  104340.617  17.591  206017.406  93509.500 
 1.029  311.408  5064.293  5064.293  104378.148  16.115  206233.375  93944.656 
 1.031  312.439  5066.041  5066.044  104539.633  17.603  206696.344  94421.766 
 1.032  313.471  5067.808  5067.808  104580.086  18.052  206812.312  94705.828 
 1.034  314.505  5069.593  5069.593  104749.500  19.465  207294.281  95098.852 
 1.036  315.541  5071.398  5071.401  104882.875  18.840  207719.250  95467.820 
 1.037  316.578  5073.222  5073.221  104945.211  17.177  207997.219  95574.742 
 1.039  317.617  5075.065  5075.063  105081.516  18.478  208406.188  95829.617 
 1.041  318.658  5076.927  5076.927  105250.781  18.741  208731.141  96014.445 
 1.042  319.700  5078.808  5078.804  105278.008  16.966  209014.109  96088.227 
 1.044  320.745  5080.708  5080.703  105448.195  17.155  209352.078  96222.969 
 1.046  321.791  5082.627  5082.625  105604.352  17.305  209638.031  96293.656 
 1.048  322.839  5084.565  5084.568  105986.469  17.419  210110.000  96544.297 
 1.050  323.888  5086.522  5086.524  106386.547  17.495  210472.953  96724.891 
 1.052  324.940  5088.499  5088.503  106786.586  17.534  210869.906  96960.445 
 1.054  325.994  5090.494  5090.495  107128.586  18.535  211300.875  97113.945 
 1.056  327.050  5092.508  5092.509  107307.555  17.500  211743.828  97136.406 
 1.058  328.107  5094.542  5094.545  107324.484  18.426  212064.781  96874.812 
 1.060  329.167  5096.594  5096.595  107398.375  17.316  212520.750  96789.172 
 1.062  330.229  5098.666  5098.667  107444.227  17.168  212966.703  96621.492 
 1.064  331.293  5100.756  5100.751  107551.047  17.983  213237.656  96502.758 
 1.066  332.360  5102.866  5102.870  107642.828  17.760  213613.609  96433.984 
 1.069  333.428  5104.994  5104.990  107860.570  20.500  214396.562  96423.156 
 1.071  334.499  5107.142  5107.144  107944.273  18.202  214749.516  96348.289 
 1.073  335.572  5109.309  5109.310  108073.938  17.868  215087.469  96410.375 
 1.075  336.647  5111.495  5111.500  108198.570  18.496  215470.422  96380.406 
 1.078  337.725  5113.699  5113.702  108431.164  20.086  216094.359  96568.398 
 1.080  338.806  5115.923  5115.928  108573.719  19.639  216465.312  96635.336 
 1.083  339.888  5118.166  5118.167  108811.234  16.155  217234.266  96792.234 
 1.085  340.973  5120.428  5120.428  108929.719  15.634  217651.219  96969.086 
 1.088  342.061  5122.709  5122.714  109176.164  17.075  218198.156  97206.891 
 1.090  343.151  5125.009  5125.012  109315.570  17.479  218593.109  97362.641 
 1.093  344.244  5127.329  5127.324  109547.938  18.845  219172.047  97645.352 
 1.095  345.340  5129.667  5129.670  109703.273  17.174  219604.000  97934.016 
 1.098  346.438  5132.024  5132.029  109933.562  14.466  220230.938  98292.633 
 1.101  347.539  5134.400  5134.401  110157.820  11.720  220735.875  98640.203 
 1.104  348.642  5136.795  5136.796  110388.039  12.937  221349.828  99006.727 
 1.106  349.749  5139.210  5139.206  110551.227  12.117  221629.766  99381.203 
 1.109  350.858  5141.644  5141.639  110777.367  11.259  222382.703  99809.625 
 1.112  351.970  5144.096  5144.096  110990.477  9.364  223037.641  100248.008 
 1.115  353.085  5146.567  5146.566  111214.547  10.432  223505.578  100692.344 
 1.118  354.203  5149.058  5149.061  111454.578  10.462  224328.531  101174.633 
 1.121  355.324  5151.568  5151.569  111687.578  11.455  224856.469  101651.883 
 1.124  356.448  5154.097  5154.102  111929.531  12.410  225517.406  102141.078 
 1.127  357.574  5156.644  5156.648  112138.453  12.329  226100.328  102593.227 
 1.130  358.704  5159.211  5159.208  112389.336  13.209  226559.266  103033.328 
 1.133  359.838  5161.797  5161.792  112619.188  14.053  227048.203  103528.383 
 1.136  360.974  5164.402  5164.400  112852.992  14.859  227638.141  103869.391 
 1.139  362.113  5167.026  5167.022  113046.766  14.628  228397.078  104264.352 
 1.143  363.256  5169.669  5169.670  113367.500  14.359  229103.000  104835.273 
 1.146  364.402  5172.331  5172.331  113602.195  11.053  229786.938  105188.141 
 1.149  365.551  5175.012  5175.017  113824.859  9.710  230483.859  105547.961 
 1.153  366.703  5177.712  5177.716  114128.484  10.329  231154.797  105978.734 
 1.156  367.859  5180.431  5180.430  114363.070  13.911  231781.719  106181.469 
 1.159  369.019  5183.169  5183.169  114565.617  10.456  232385.656  106533.148 
 1.163  370.181  5185.927  5185.921  114861.125  10.963  233278.578  106879.781 
 1.166  371.348  5188.703  5188.700  115104.602  10.433  233721.516  107235.375 
 1.170  372.517  5191.499  5191.503  115424.031  11.865  234562.438  107584.914 
 1.173  373.691  5194.313  5194.310  115615.438  11.260  235169.359  107873.414 
 1.177  374.868  5197.146  5197.142  115945.797  11.618  236024.281  108248.859 
 1.181  376.048  5199.999  5199.999  116243.117  11.939  236663.203  108607.266 
 1.184  377.232  5202.871  5202.871  116457.406  13.222  237413.125  108819.617 
 1.188  378.420  5205.761  5205.757  116754.656  12.468  238161.047  109274.930 
 1.192  379.612  5208.671  5208.668  117062.867  10.676  239008.969  109652.188 
 1.195  380.807  5211.600  5211.595  117264.039  5.847  239502.891  109856.406 
 1.199  382.007  5214.547  5214.547  117537.180  6.981  240495.812  110247.578 
 1.203  383.210  5217.514  5217.515  117874.281  7.077  241212.734  110614.695 
 1.207  384.417  5220.500  5220.497  118153.344  9.136  241992.656  110948.773 
 1.211  385.628  5223.505  5223.504  118451.367  9.158  242813.578  111328.805 
 1.215  386.842  5226.529  5226.527  118744.359  9.142  243636.484  111771.781 
 1.219  388.061  5229.572  5229.576  119044.305  9.089  244468.406  112103.719 
 1.223  389.284  5232.634  5232.629  119353.219  12.998  245264.312  112497.609 
 1.227  390.511  5235.715  5235.719  119656.094  8.871  245857.234  112851.453 
 1.231  391.742  5238.816  5238.813  119963.938  8.705  246952.141  113196.250 
 1.235  392.977  5241.935  5241.934  120249.734  9.503  247670.062  113609.000 
 1.239  394.217  5245.073  5245.070  120533.500  8.263  248387.969  114034.695 
 1.244  395.460  5248.230  5248.232  120905.227  6.986  249500.891  114463.352 
 1.248  396.708  5251.407  5251.410  121203.922  8.671  250336.797  115033.961 
 1.252  397.960  5254.603  5254.604  121472.570  8.319  251084.703  115550.523 
 1.256  399.217  5257.817  5257.812  121767.188  11.930  251797.609  115972.039 
 1.261  400.478  5261.050  5261.048  122145.766  14.503  252742.516  116543.508 
 1.265  401.743  5264.303  5264.300  122423.305  11.039  253666.438  117070.930 
 1.270  403.013  5267.575  5267.578  122814.805  12.538  254542.344  117729.305 
 1.274  404.287  5270.865  5270.861  123103.273  14.999  255534.250  118133.633 
 1.279  405.565  5274.175  5274.171  123497.703  16.423  256539.141  118800.922 
 1.283  406.849  5277.504  5277.509  123845.094  14.810  257252.047  119325.156 
 1.288  408.136  5280.852  5280.851  114712.445  13.159  258339.953  110837.344 
 1.292  409.429  5284.219  5284.220  124058.766  12.471  259130.859  120009.484 
 1.297  410.726  5287.604  5287.605  124533.039  11.745  260055.766  120821.578 
 1.302  412.028  5291.010  5291.007  124928.281  10.983  261057.656  121475.633 
 1.307  413.334  5294.434  5294.437  125312.492  10.182  261990.562  122067.633 
 1.311  414.646  5297.877  5297.882  125588.656  9.345  262860.469  122561.586 
 1.316  415.962  5301.339  5301.344  125951.789  9.470  263924.375  123184.492 
 1.321  417.283  5304.820  5304.823  126297.875  10.558  264811.250  123744.359 
 1.326  418.608  5308.320  5308.317  126662.938  8.608  265793.156  124361.172 
 1.331  419.939  5311.840  5311.841  127004.953  11.621  266886.062  124986.945 
 1.336  421.275  5315.378  5315.380  127381.930  13.597  267809.938  125427.664 
 1.341  422.616  5318.936  5318.937  127711.875  10.535  268850.844  126068.336 
 1.346  423.961  5322.512  5322.510  128045.781  11.436  269897.750  126627.969 
 1.351  425.312  5326.107  5326.111  128360.648  13.300  270953.625  127148.547 
 1.356  426.668  5329.722  5329.718  128676.484  18.126  271809.531  127687.086 
 1.361  428.029  5333.355  5333.354  129007.273  17.915  272860.406  128189.570 
 1.366  429.395  5337.008  5337.006  129324.031  18.666  273837.312  128806.016 
 1.371  430.767  5340.680  5340.675  129628.750  19.381  274770.188  129325.414 
 1.377  432.143  5344.371  5344.374  130057.438  21.057  276094.094  129957.758 
 1.382  433.525  5348.081  5348.078  130374.078  19.697  277059.969  130485.062 
 1.387  434.913  5351.810  5351.811  130687.688  18.299  278063.875  131004.320 
 1.393  436.305  5355.557  5355.561  131035.258  20.864  279376.750  131598.531 
 1.398  437.703  5359.324  5359.329  131402.797  21.391  280386.656  132206.688 
 1.403  439.107  5363.110  5363.114  131684.281  19.881  281264.531  132702.797 
 1.409  440.516  5366.915  5366.917  132093.750  22.334  282569.406  133350.875 
 1.414  441.930  5370.739  5370.738  132342.156  23.749  283368.281  133909.891 
 1.420  443.350  5374.583  5374.588  132731.547  24.127  284605.188  134450.875 
 1.426  444.776  5378.445  5378.444  133105.891  25.468  285803.062  135166.797 
 1.431  446.207  5382.326  5382.330  133377.203  23.771  286782.938  135644.672 
 1.437  447.644  5386.226  5386.222  133711.469  23.037  288174.812  136247.516 
 1.443  449.086  5390.146  5390.144  134078.703  26.265  289440.719  136773.297 
 1.448  450.535  5394.084  5394.084  134316.906  22.457  290362.594  137352.047 
 1.454  451.989  5398.042  5398.042  134683.062  23.610  291388.469  137994.734 
 1.460  453.448  5402.018  5402.019  135006.188  22.727  292709.344  138681.391 
 1.466  454.914  5406.014  5406.013  135452.266  22.806  293903.219  139395.984 
 1.472  456.386  5410.028  5410.026  134214.312  22.848  295149.094  138465.547 
 1.477  457.863  5414.062  5414.058  134987.328  22.852  296051.969  139447.047 
 1.483  459.346  5418.114  5418.121  135932.297  23.819  297277.844  140725.516 
 1.489  460.836  5422.186  5422.189  136257.234  26.749  298549.719  141385.938 
 1.495  462.331  5426.277  5426.277  136595.141  28.641  299801.594  142087.297 
 1.501  463.833  5430.387  5430.383  136894.000  26.496  300934.469  142711.625 
 1.508  465.340  5434.516  5434.520  137282.828  32.314  302306.344  143434.891 
 1.514  466.854  5438.664  5438.664  137564.609  32.094  303537.219  144189.125 
 1.520  468.374  5442.831  5442.827  137875.359  33.837  304814.094  144811.312 
 1.526  469.900  5447.017  5447.021  138172.062  33.543  305990.938  145548.438 
 1.532  471.432  5451.222  5451.223  138465.750  33.211  306962.812  146194.531 
 1.539  472.971  5455.446  5455.443  138854.375  33.842  308465.688  146999.578 
 1.545  474.516  5459.689  5459.695  139141.984  28.435  309616.562  147638.562 
 1.551  476.067  5463.952  5463.955  139397.547  28.992  310954.438  148209.516 
 1.558  477.625  5468.233  5468.233  139801.062  30.510  312350.281  148995.422 
 1.564  479.189  5472.533  5472.531  140084.562  28.992  313675.156  149619.266 
 1.571  480.760  5476.853  5476.849  140440.000  30.436  314775.031  150352.078 
 1.577  482.337  5481.191  5481.187  140709.422  30.843  316278.875  150933.844 
 1.584  483.920  5485.548  5485.543  141086.797  29.212  317633.750  151722.562 
 1.590  485.510  5489.925  5489.921  141329.141  30.544  318653.594  152364.219 
 1.597  487.107  5494.321  5494.318  141695.438  33.839  320141.469  153186.844 
 1.603  488.711  5498.735  5498.735  141946.703  29.096  321380.312  153777.422 
 1.610  490.321  5503.169  5503.172  142254.922  32.316  322893.188  154493.953 
 1.617  491.938  5507.622  5507.617  142657.109  29.499  324155.031  155293.438 
 1.624  493.561  5512.093  5512.095  143025.266  29.644  325617.906  156100.859 
 1.630  495.192  5516.584  5516.580  143274.375  31.752  326857.750  156712.250 
 1.637  496.829  5521.094  5521.099  143626.453  29.822  328351.625  157523.594 
 1.644  498.473  5525.623  5525.625  143998.500  33.855  329671.469  158408.891 
 1.651  500.124  5530.171  5530.172  144325.500  31.851  331080.344  159133.141 
 1.658  501.782  5534.738  5534.740  144703.469  34.810  332405.188  159958.344 
 1.665  503.447  5539.324  5539.328  145064.391  36.731  333856.031  160792.500 
 1.672  505.119  5543.930  5543.925  145411.281  37.615  335492.875  161561.609 
 1.679  506.798  5548.554  5548.555  145717.141  42.461  336678.750  162246.672 
 1.686  508.484  5553.197  5553.193  146116.953  45.270  338198.594  163080.688 
 1.693  510.178  5557.859  5557.866  146444.734  45.042  339617.438  163848.656 
 1.700  511.878  5562.541  5562.546  146789.469  45.776  340967.281  164673.562 
 1.708  513.586  5567.241  5567.235  147197.188  39.473  342545.125  165600.438 
 1.715  515.300  5571.960  5571.958  147515.844  36.133  343890.000  166338.266 
 1.722  517.023  5576.699  5576.704  147819.484  36.755  345247.844  167067.047 
 1.729  518.752  5581.457  5581.457  148158.062  37.340  346691.688  167927.797 
 1.737  520.489  5586.233  5586.232  148562.625  37.887  348278.531  168804.484 
 1.744  522.233  5591.029  5591.028  148841.141  41.398  349717.375  169575.125 
 1.752  523.985  5595.843  5595.847  149201.625  40.870  351181.219  170493.719 
 1.759  525.744  5600.677  5600.674  149487.062  40.306  352784.062  171239.266 
 1.767  527.510  5605.530  5605.536  149831.469  42.704  354379.906  172105.766 
 1.774  529.284  5610.402  5610.408  150098.844  45.065  355727.750  172882.219 
 1.782  531.066  5615.293  5615.288  150446.172  40.388  357460.594  173825.625 
 1.789  532.855  5620.203  5620.203  150684.469  45.674  358693.438  174530.984 
 1.797  534.652  5625.132  5625.128  151007.719  45.923  360226.250  175438.297 
 1.805  536.457  5630.080  5630.075  151329.938  49.134  362193.094  176292.562 
 1.812  538.269  5635.047  5635.045  151559.125  53.308  363159.938  177087.797 
 1.820  540.089  5640.033  5640.037  151831.266  55.445  364923.781  177891.969 
 1.828  541.917  5645.038  5645.039  152158.375  57.544  366392.625  178781.094 
 1.836  543.753  5650.062  5650.062  152470.438  54.606  368036.438  179651.172 
 1.844  545.596  5655.106  5655.110  152738.469  56.631  369772.281  180464.203 
 1.851  547.448  5660.168  5660.167  152911.469  59.618  371379.125  181206.203 
 1.859  549.307  5665.250  5665.246  153165.422  67.568  372739.938  181985.141 
 1.867  551.175  5670.350  5670.349  153439.344  63.480  374237.781  182792.031 
 1.875  553.050  5675.469  5675.475  153675.234  60.355  375977.625  183698.875 
 1.883  554.933  5680.608  5680.610  153876.078  62.193  377741.438  184430.688 
 1.892  556.825  5685.766  5685.770  154240.891  61.994  379479.281  185227.438 
 1.900  558.725  5690.942  5690.939  154479.656  66.757  381091.094  186029.141 
 1.908  560.632  5696.138  5696.131  154669.391  67.482  382692.938  186944.812 
 1.916  562.548  5701.353  5701.348  154883.094  70.171  384292.750  187623.422 
 1.924  564.473  5706.586  5706.588  155099.750  71.822  385920.594  188488.984 
 1.933  566.405  5711.839  5711.838  155357.375  72.436  387559.406  189331.516 
 1.941  568.346  5717.111  5717.112  155559.953  68.012  389180.250  190173.984 
 1.949  570.295  5722.402  5722.396  155759.500  72.551  390788.062  190975.406 
 1.958  572.253  5727.712  5727.719  156013.016  73.052  392702.906  191823.797 
 1.966  574.219  5733.041  5733.038  156173.484  71.517  394039.719  192632.125 
 1.974  576.193  5738.389  5738.395  156356.922  76.943  395845.531  193348.422 
 1.983  578.176  5743.756  5743.763  156582.312  74.333  397496.344  194112.656 
 1.991  580.167  5749.143  5749.141  156683.672  74.685  399276.188  194762.859 
 2.000  582.167  5754.548  5754.544  156880.000  77.000  401135.000  195574.000 