SSRL   EXAFS Data Collector 4.0       
Wed Feb 21 14:37:15 2018              
PTS:        504 COLS:          8
lytle.det                             
TiEXAFS.rgn                           
43 unfocused  0.000 0 X 3.135500 20000                                        
5 1000 600 REP 0 0                    
20161107_CalixTi_SiO2 cTi_1                                                   
lytle                                                                         
T = 200C , He = 30 sscm                                                       
EXAFS                                                                         
                                                                              
                                                                              

Weights: 
 1.000  1.000  1.000  1.000  1.000  1.000  1.000  1.000 
Offsets: 
 0.000  0.000  0.000  0.000  1013.000  1014.000  21.000  1267.000 
Data: 
Real time clock   
Total time        
Requested Energy  
Achieved Energy   
I0                
I1                
I2                
Lytle             

 1.000  1.000  4730.000  4730.002  109276.000  16.000  200383.000  20676.000 
 1.000  2.000  4740.500  4740.498  109043.000  11.000  200464.000  20961.000 
 1.000  3.000  4751.000  4750.999  108816.000  10.000  200462.000  21248.000 
 1.000  4.000  4761.500  4761.497  108587.000  10.000  200501.000  21563.000 
 1.000  5.000  4772.000  4772.000  108368.000  10.000  200536.000  21888.000 
 1.000  6.000  4782.500  4782.500  108140.000  8.000  200504.000  22182.000 
 1.000  7.000  4793.000  4792.996  107947.000  9.000  200464.000  22485.000 
 1.000  8.000  4803.500  4803.496  107710.000  9.000  200461.000  22821.000 
 1.000  9.000  4814.000  4814.000  107475.000  11.000  200482.000  23144.000 
 1.000  10.000  4824.500  4824.499  107234.000  11.000  200582.000  23441.000 
 1.000  11.000  4835.000  4835.001  107013.000  11.000  200502.000  23781.000 
 1.000  12.000  4845.500  4845.497  106802.000  11.000  200442.000  24095.000 
 1.000  13.000  4856.000  4855.996  106585.000  13.000  200476.000  24410.000 
 1.000  14.000  4866.500  4866.497  106336.000  13.000  200429.000  24740.000 
 1.000  15.000  4877.000  4877.000  106075.000  9.000  200499.000  25063.000 
 1.000  16.000  4887.500  4887.504  105813.000  8.000  200430.000  25380.000 
 1.000  17.000  4898.000  4898.000  105611.000  9.000  200452.000  25739.000 
 1.000  18.000  4908.500  4908.498  105362.000  8.000  200482.000  26084.000 
 1.000  19.000  4919.000  4918.996  105149.000  7.000  200482.000  26411.000 
 1.000  20.000  4929.500  4929.504  104908.000  10.000  200500.000  26811.000 
 1.000  21.000  4940.000  4940.002  104679.000  10.000  200389.000  27173.000 
 1.000  22.000  4940.500  4940.496  104676.000  10.000  200435.000  27206.000 
 1.000  23.000  4941.000  4941.000  104645.000  9.000  200506.000  27212.000 
 1.000  24.000  4941.500  4941.503  104644.000  10.000  200463.000  27227.000 
 1.000  25.000  4942.000  4941.997  104612.000  12.000  200408.000  27264.000 
 1.000  26.000  4942.500  4942.501  104610.000  12.000  200469.000  27254.000 
 1.000  27.000  4943.000  4943.005  104594.000  12.000  200453.000  27276.000 
 1.000  28.000  4943.500  4943.499  104573.000  13.000  200467.000  27309.000 
 1.000  29.000  4944.000  4944.003  104556.000  13.000  200382.000  27327.000 
 1.000  30.000  4944.500  4944.498  104548.000  12.000  200456.000  27354.000 
 1.000  31.000  4945.000  4945.002  104531.000  12.000  200439.000  27375.000 
 1.000  32.000  4945.500  4945.497  104497.000  12.000  200327.000  27365.000 
 1.000  33.000  4946.000  4946.002  104486.000  12.000  200387.000  27394.000 
 1.000  34.000  4946.500  4946.497  104482.000  12.000  200354.000  27409.000 
 1.000  35.000  4947.000  4947.001  104439.000  12.000  200436.000  27447.000 
 1.000  36.000  4947.500  4947.497  104437.000  12.000  200440.000  27484.000 
 1.000  37.000  4948.000  4948.002  104421.000  13.000  200395.000  27495.000 
 1.000  38.000  4948.500  4948.498  104384.000  12.000  200387.000  27500.000 
 1.000  39.000  4949.000  4949.003  104384.000  13.000  200357.000  27537.000 
 1.000  40.000  4949.500  4949.499  104371.000  13.000  200415.000  27539.000 
 1.000  41.000  4950.000  4950.004  104348.000  12.000  200428.000  27568.000 
 1.000  42.000  4950.500  4950.500  104340.000  12.000  200410.000  27564.000 
 1.000  43.000  4951.000  4950.996  104317.000  13.000  200528.000  27603.000 
 1.000  44.000  4951.500  4951.501  104304.000  13.000  200519.000  27638.000 
 1.000  45.000  4952.000  4951.998  104294.000  13.000  200480.000  27610.000 
 1.000  46.000  4952.500  4952.504  104268.000  13.000  200423.000  27685.000 
 1.000  47.000  4953.000  4953.000  104256.000  14.000  200477.000  27667.000 
 1.000  48.000  4953.500  4953.497  104259.000  14.000  200475.000  27693.000 
 1.000  49.000  4954.000  4954.003  104238.000  14.000  200490.000  27728.000 
 1.000  50.000  4954.500  4954.500  104203.000  12.000  200437.000  27758.000 
 1.000  51.000  4955.000  4954.997  104188.000  12.000  200445.000  27765.000 
 1.000  52.000  4955.500  4955.503  104159.000  13.000  200509.000  27828.000 
 1.000  53.000  4956.000  4956.000  104167.000  13.000  200457.000  27810.000 
 1.000  54.000  4956.500  4956.498  104148.000  13.000  200498.000  27840.000 
 1.000  55.000  4957.000  4957.005  104136.000  14.000  200454.000  27887.000 
 1.000  56.000  4957.500  4957.502  104113.000  13.000  200476.000  27896.000 
 1.000  57.000  4958.000  4958.000  104108.000  13.000  200452.000  27948.000 
 1.000  58.000  4958.500  4958.497  104103.000  13.000  200391.000  27976.000 
 1.000  59.000  4959.000  4959.005  104065.000  14.000  200443.000  28001.000 
 1.000  60.000  4959.500  4959.502  104070.000  13.000  200425.000  28077.000 
 1.000  61.000  4960.000  4960.000  104043.000  14.000  200404.000  28100.000 
 1.000  62.000  4960.500  4960.499  104034.000  12.000  200387.000  28129.000 
 1.000  63.000  4961.000  4960.997  104008.000  13.000  200380.000  28178.000 
 1.000  64.000  4961.500  4961.505  104004.000  12.000  200421.000  28192.000 
 1.000  65.000  4962.000  4962.003  103992.000  13.000  200427.000  28257.000 
 1.000  66.000  4962.500  4962.501  103961.000  13.000  200456.000  28307.000 
 1.000  67.000  4963.000  4963.000  103959.000  13.000  200475.000  28339.000 
 1.000  68.000  4963.500  4963.499  103944.000  14.000  200502.000  28427.000 
 1.000  69.000  4964.000  4963.998  103935.000  14.000  200420.000  28454.000 
 1.000  70.000  4964.500  4964.496  103914.000  14.000  200488.000  28594.000 
 1.000  71.000  4965.000  4964.995  103910.000  14.000  200389.000  28690.000 
 1.000  72.000  4965.100  4965.095  103901.000  14.000  200444.000  28714.000 
 1.000  73.000  4965.200  4965.205  103886.000  13.000  200423.000  28739.000 
 1.000  74.000  4965.300  4965.305  103885.000  14.000  200505.000  28737.000 
 1.000  75.000  4965.400  4965.404  103882.000  13.000  200477.000  28805.000 
 1.000  76.000  4965.500  4965.504  103888.000  12.000  200407.000  28811.000 
 1.000  77.000  4965.600  4965.604  103868.000  13.000  200445.000  28843.000 
 1.000  78.000  4965.700  4965.704  103858.000  14.000  200394.000  28885.000 
 1.000  79.000  4965.800  4965.804  103863.000  14.000  200463.000  28963.000 
 1.000  80.000  4965.900  4965.904  103845.000  15.000  200432.000  28988.000 
 1.000  81.000  4966.000  4966.003  103822.000  14.000  200368.000  28983.000 
 1.000  82.000  4966.100  4966.104  103810.000  14.000  200477.000  29063.000 
 1.000  83.000  4966.200  4966.203  103833.000  14.000  200395.000  29104.000 
 1.000  84.000  4966.300  4966.303  103818.000  13.000  200409.000  29149.000 
 1.000  85.000  4966.400  4966.403  103817.000  14.000  200511.000  29185.000 
 1.000  86.000  4966.500  4966.503  103812.000  14.000  200403.000  29249.000 
 1.000  87.000  4966.600  4966.603  103790.000  14.000  200459.000  29312.000 
 1.000  88.000  4966.700  4966.703  103795.000  14.000  200439.000  29374.000 
 1.000  89.000  4966.800  4966.802  103769.000  13.000  200454.000  29440.000 
 1.000  90.000  4966.900  4966.902  103779.000  13.000  200541.000  29559.000 
 1.000  91.000  4967.000  4967.002  103762.000  14.000  200453.000  29665.000 
 1.000  92.000  4967.100  4967.102  103765.000  14.000  200434.000  29765.000 
 1.000  93.000  4967.200  4967.202  103754.000  14.000  200553.000  29897.000 
 1.000  94.000  4967.300  4967.302  103743.000  13.000  200370.000  30011.000 
 1.000  95.000  4967.400  4967.402  103733.000  12.000  200282.000  30175.000 
 1.000  96.000  4967.500  4967.502  103773.000  13.000  200418.000  30351.000 
 1.000  97.000  4967.600  4967.602  103944.000  13.000  200487.000  30585.000 
 1.000  98.000  4967.700  4967.702  104123.000  13.000  200540.000  30887.000 
 1.000  99.000  4967.800  4967.802  104297.000  14.000  200490.000  31200.000 
 1.000  100.000  4967.900  4967.901  104459.000  12.000  200456.000  31617.000 
 1.000  101.000  4968.000  4968.001  104603.000  14.000  200442.000  32041.000 
 1.000  102.000  4968.100  4968.102  104692.000  13.000  200455.000  32564.000 
 1.000  103.000  4968.200  4968.201  104591.000  14.000  200466.000  33134.000 
 1.000  104.000  4968.300  4968.301  104501.000  13.000  200441.000  33743.000 
 1.000  105.000  4968.400  4968.401  104424.000  13.000  200465.000  34443.000 
 1.000  106.000  4968.500  4968.501  104360.000  13.000  200435.000  35269.000 
 1.000  107.000  4968.600  4968.601  104330.000  14.000  200426.000  36154.000 
 1.000  108.000  4968.700  4968.701  104258.000  15.000  200490.000  37219.000 
 1.000  109.000  4968.800  4968.801  104239.000  16.000  200419.000  38390.000 
 1.000  110.000  4968.900  4968.901  104199.000  13.000  200439.000  39738.000 
 1.000  111.000  4969.000  4969.001  104179.000  14.000  200570.000  41231.000 
 1.000  112.000  4969.100  4969.101  104151.000  13.000  200543.000  42960.000 
 1.000  113.000  4969.200  4969.201  104140.000  14.000  200399.000  44839.000 
 1.000  114.000  4969.300  4969.301  104111.000  13.000  200461.000  46774.000 
 1.000  115.000  4969.400  4969.401  104092.000  13.000  200598.000  48728.000 
 1.000  116.000  4969.500  4969.501  104077.000  13.000  200531.000  50530.000 
 1.000  117.000  4969.600  4969.601  104072.000  13.000  200617.000  52137.000 
 1.000  118.000  4969.700  4969.701  104072.000  13.000  200451.000  53401.000 
 1.000  119.000  4969.800  4969.801  104063.000  13.000  200436.000  54233.000 
 1.000  120.000  4969.900  4969.901  104072.000  13.000  200468.000  54612.000 
 1.000  121.000  4970.000  4970.001  104052.000  14.000  200514.000  54484.000 
 1.000  122.000  4970.100  4970.101  104057.000  13.000  200448.000  53937.000 
 1.000  123.000  4970.200  4970.201  104017.000  13.000  200379.000  53005.000 
 1.000  124.000  4970.300  4970.301  104043.000  13.000  200365.000  51715.000 
 1.000  125.000  4970.400  4970.401  104039.000  12.000  200567.000  50231.000 
 1.000  126.000  4970.500  4970.501  104036.000  14.000  200484.000  48553.000 
 1.000  127.000  4970.600  4970.602  104044.000  14.000  200532.000  46861.000 
 1.000  128.000  4970.700  4970.702  104022.000  14.000  200470.000  45150.000 
 1.000  129.000  4970.800  4970.801  104037.000  15.000  200415.000  43520.000 
 1.000  130.000  4970.900  4970.901  104018.000  14.000  200483.000  42000.000 
 1.000  131.000  4971.000  4971.001  104013.000  14.000  200419.000  40689.000 
 1.000  132.000  4971.100  4971.102  104025.000  13.000  200457.000  39458.000 
 1.000  133.000  4971.200  4971.202  104008.000  15.000  200358.000  38461.000 
 1.000  134.000  4971.300  4971.302  104019.000  12.000  200433.000  37558.000 
 1.000  135.000  4971.400  4971.402  104013.000  13.000  200401.000  36828.000 
 1.000  136.000  4971.500  4971.502  104006.000  15.000  200404.000  36187.000 
 1.000  137.000  4971.600  4971.602  104009.000  14.000  200432.000  35688.000 
 1.000  138.000  4971.700  4971.702  104005.000  14.000  200553.000  35280.000 
 1.000  139.000  4971.800  4971.802  103989.000  12.000  200496.000  34950.000 
 1.000  140.000  4971.900  4971.902  103990.000  10.000  200448.000  34673.000 
 1.000  141.000  4972.000  4972.002  103988.000  10.000  200440.000  34413.000 
 1.000  142.000  4972.100  4972.103  103985.000  12.000  200465.000  34272.000 
 1.000  143.000  4972.200  4972.203  103975.000  12.000  200426.000  34106.000 
 1.000  144.000  4972.300  4972.303  103965.000  12.000  200419.000  34002.000 
 1.000  145.000  4972.400  4972.403  103976.000  10.000  200460.000  33942.000 
 1.000  146.000  4972.500  4972.503  103969.000  13.000  200483.000  33878.000 
 1.000  147.000  4972.600  4972.604  103946.000  11.000  200434.000  33856.000 
 1.000  148.000  4972.700  4972.704  103969.000  10.000  200432.000  33812.000 
 1.000  149.000  4972.800  4972.804  103950.000  12.000  200585.000  33814.000 
 1.000  150.000  4972.900  4972.904  103939.000  11.000  200498.000  33823.000 
 1.000  151.000  4973.000  4973.004  103944.000  11.000  200446.000  33848.000 
 1.000  152.000  4973.100  4973.104  103944.000  11.000  200459.000  33878.000 
 1.000  153.000  4973.200  4973.204  103960.000  10.000  200397.000  33897.000 
 1.000  154.000  4973.300  4973.305  103941.000  12.000  200501.000  33961.000 
 1.000  155.000  4973.400  4973.405  103937.000  10.000  200416.000  34000.000 
 1.000  156.000  4973.500  4973.505  103931.000  8.000  200457.000  34074.000 
 1.000  157.000  4973.600  4973.605  103922.000  8.000  200439.000  34117.000 
 1.000  158.000  4973.700  4973.695  103928.000  9.000  200444.000  34218.000 
 1.000  159.000  4973.800  4973.795  103913.000  9.000  200477.000  34277.000 
 1.000  160.000  4973.900  4973.896  103933.000  8.000  200461.000  34403.000 
 1.000  161.000  4974.000  4973.996  103931.000  11.000  200509.000  34477.000 
 1.000  162.000  4974.100  4974.096  103935.000  10.000  200586.000  34634.000 
 1.000  163.000  4974.200  4974.196  103918.000  10.000  200463.000  34771.000 
 1.000  164.000  4974.300  4974.296  103921.000  11.000  200537.000  34891.000 
 1.000  165.000  4974.400  4974.396  103910.000  10.000  200484.000  35077.000 
 1.000  166.000  4974.500  4974.497  103915.000  9.000  200466.000  35227.000 
 1.000  167.000  4974.600  4974.597  103928.000  12.000  200440.000  35439.000 
 1.000  168.000  4974.700  4974.697  103932.000  10.000  200491.000  35620.000 
 1.000  169.000  4974.800  4974.797  103925.000  11.000  200448.000  35812.000 
 1.000  170.000  4974.900  4974.898  103950.000  10.000  200544.000  36020.000 
 1.000  171.000  4975.000  4974.998  103930.000  12.000  200520.000  36267.000 
 1.000  172.000  4975.350  4975.349  103924.000  11.000  200455.000  37116.000 
 1.000  173.000  4975.700  4975.700  103920.000  12.000  200501.000  38105.000 
 1.000  174.000  4976.050  4976.051  103899.000  11.000  200490.000  39338.000 
 1.000  175.000  4976.400  4976.402  103874.000  11.000  200498.000  40750.000 
 1.000  176.000  4976.750  4976.753  103885.000  11.000  200463.000  42299.000 
 1.000  177.000  4977.100  4977.104  103875.000  12.000  200458.000  43912.000 
 1.000  178.000  4977.450  4977.445  103858.000  12.000  200369.000  45496.000 
 1.000  179.000  4977.800  4977.797  103871.000  11.000  200411.000  47138.000 
 1.000  180.000  4978.150  4978.148  103848.000  11.000  200372.000  48699.000 
 1.000  181.000  4978.500  4978.500  103839.000  10.000  200541.000  50223.000 
 1.000  182.000  4978.850  4978.851  103833.000  11.000  200420.000  51744.000 
 1.000  183.000  4979.200  4979.202  103824.000  11.000  200398.000  53266.000 
 1.000  184.000  4979.550  4979.554  103808.000  11.000  200419.000  54895.000 
 1.000  185.000  4979.900  4979.896  103796.000  12.000  200465.000  56555.000 
 1.000  186.000  4980.250  4980.247  103787.000  11.000  200403.000  58236.000 
 1.000  187.000  4980.600  4980.599  103777.000  11.000  200522.000  60061.000 
 1.000  188.000  4980.950  4980.951  103769.000  9.000  200374.000  61945.000 
 1.000  189.000  4981.300  4981.302  103764.000  9.000  200585.000  63901.000 
 1.000  190.000  4981.650  4981.654  103747.000  10.000  200414.000  65996.000 
 1.000  191.000  4982.000  4981.996  103748.000  9.000  200464.000  68159.000 
 1.000  192.000  4982.350  4982.348  103732.000  10.000  200444.000  70533.000 
 1.000  193.000  4982.700  4982.700  103729.000  9.000  200466.000  72982.000 
 1.000  194.000  4983.050  4983.052  103739.000  9.000  200477.000  75407.000 
 1.000  195.000  4983.400  4983.404  103723.000  10.000  200385.000  77786.000 
 1.000  196.000  4983.750  4983.747  103725.000  9.000  200537.000  80093.000 
 1.000  197.000  4984.100  4984.099  103704.000  13.000  200458.000  82228.000 
 1.000  198.000  4984.450  4984.451  103711.000  11.000  200563.000  84144.000 
 1.000  199.000  4984.800  4984.803  103690.000  10.000  200535.000  85881.000 
 1.000  200.000  4985.150  4985.146  103695.000  11.000  200317.000  87389.000 
 1.000  201.000  4985.500  4985.498  103676.000  10.000  200402.000  88747.000 
 1.000  202.000  4985.850  4985.851  103649.000  9.000  200427.000  89923.000 
 1.000  203.000  4986.200  4986.203  103651.000  10.000  200504.000  90915.000 
 1.000  204.000  4986.550  4986.546  103636.000  12.000  200422.000  91669.000 
 1.000  205.000  4986.900  4986.898  103636.000  10.000  200381.000  92346.000 
 1.000  206.000  4987.250  4987.251  103644.000  10.000  200494.000  92888.000 
 1.000  207.000  4987.600  4987.604  103613.000  11.000  200464.000  93329.000 
 1.000  208.000  4987.950  4987.947  103608.000  11.000  200472.000  93704.000 
 1.000  209.000  4988.300  4988.300  103595.000  12.000  200431.000  94004.000 
 1.000  210.000  4988.650  4988.653  103586.000  12.000  200414.000  94376.000 
 1.000  211.000  4989.000  4988.996  103578.000  11.000  200389.000  94647.000 
 1.000  212.000  4989.350  4989.349  103569.000  12.000  200492.000  94886.000 
 1.000  213.000  4989.700  4989.702  103558.000  11.000  200362.000  95119.000 
 1.000  214.000  4990.050  4990.055  103548.000  11.000  200475.000  95329.000 
 1.000  215.000  4990.400  4990.398  103538.000  11.000  200476.000  95557.000 
 1.000  216.000  4990.750  4990.751  103513.000  11.000  200436.000  95824.000 
 1.000  217.000  4991.100  4991.104  103510.000  10.000  200501.000  96069.000 
 1.000  218.000  4991.450  4991.448  103485.000  9.000  200527.000  96299.000 
 1.000  219.000  4991.800  4991.801  103473.000  9.000  200460.000  96520.000 
 1.000  220.000  4992.150  4992.155  103465.000  8.000  200432.000  96743.000 
 1.000  221.000  4992.500  4992.498  103441.000  9.000  200475.000  96930.000 
 1.000  222.000  4992.850  4992.852  103426.000  9.000  200471.000  97132.000 
 1.000  223.000  4993.200  4993.195  103417.000  10.000  200445.000  97277.000 
 1.000  224.000  4993.550  4993.549  103399.000  9.000  200501.000  97423.000 
 1.000  225.000  4993.900  4993.903  103405.000  8.000  200522.000  97577.000 
 1.000  226.000  4994.250  4994.247  103374.000  10.000  200459.000  97783.000 
 1.000  227.000  4994.600  4994.601  103377.000  9.000  200503.000  97916.000 
 1.000  228.000  4994.950  4994.955  103347.000  9.000  200444.000  98023.000 
 1.000  229.000  4995.300  4995.298  103338.000  10.000  200494.000  98159.000 
 1.000  230.000  4995.650  4995.652  103319.000  9.000  200382.000  98281.000 
 1.000  231.000  4996.000  4995.996  103324.000  10.000  200404.000  98384.000 
 1.000  232.000  4996.350  4996.351  103303.000  10.000  200586.000  98489.000 
 1.000  233.000  4996.700  4996.705  103283.000  10.000  200470.000  98605.000 
 1.000  234.000  4997.050  4997.049  103253.000  10.000  200493.000  98693.000 
 1.000  235.000  4997.400  4997.403  103264.000  10.000  200516.000  98813.000 
 1.000  236.000  4997.750  4997.747  103251.000  10.000  200493.000  98960.000 
 1.000  237.000  4998.100  4998.102  103228.000  13.000  200503.000  99158.000 
 1.000  238.000  4998.450  4998.446  103221.000  13.000  200530.000  99304.000 
 1.000  239.000  4998.800  4998.801  103201.000  12.000  200486.000  99401.000 
 1.000  240.000  4999.150  4999.145  103191.000  11.000  200523.000  99531.000 
 1.000  241.000  4999.500  4999.500  103183.000  12.000  200404.000  99712.000 
 1.000  242.000  4999.850  4999.854  103170.000  10.000  200550.000  99815.000 
 1.000  243.000  5000.200  5000.199  103163.000  11.000  200459.000  99961.000 
 1.000  244.000  5000.550  5000.554  103139.000  10.000  200531.000  100059.000 
 1.000  245.000  5000.900  5000.898  103119.000  11.000  200464.000  100088.000 
 1.000  246.000  5001.250  5001.253  103115.000  11.000  200526.000  100156.000 
 1.000  247.000  5001.600  5001.598  103131.000  9.000  200502.000  100270.000 
 1.000  248.000  5001.950  5001.953  103101.000  10.000  200510.000  100343.000 
 1.000  249.000  5002.300  5002.298  103092.000  11.000  200475.000  100337.000 
 1.000  250.000  5002.650  5002.653  103084.000  10.000  200463.000  100398.000 
 1.000  251.000  5003.000  5002.998  103067.000  10.000  200525.000  100332.000 
 1.000  252.000  5003.350  5003.354  103066.000  10.000  200441.000  100404.000 
 1.000  253.000  5003.700  5003.699  103055.000  9.000  200471.000  100380.000 
 1.000  254.000  5004.050  5004.054  103031.000  9.000  200533.000  100280.000 
 1.000  255.000  5004.400  5004.399  103029.000  10.000  200479.000  100280.000 
 1.000  256.000  5004.750  5004.754  103006.000  8.000  200422.000  100208.000 
 1.000  257.000  5005.100  5005.100  103006.000  10.000  200621.000  100131.000 
 1.000  258.000  5005.450  5005.445  102999.000  11.000  200504.000  99932.000 
 1.000  259.000  5005.800  5005.801  102979.000  12.000  200525.000  99790.000 
 1.000  260.000  5006.150  5006.146  102968.000  13.000  200498.000  99633.000 
 1.000  261.000  5006.500  5006.502  102949.000  13.000  200515.000  99416.000 
 1.000  262.000  5006.850  5006.848  102925.000  14.000  200461.000  99247.000 
 1.000  263.000  5007.200  5007.204  102921.000  14.000  200460.000  98972.000 
 1.000  264.000  5007.550  5007.549  102906.000  15.000  200424.000  98753.000 
 1.000  265.000  5007.900  5007.895  102905.000  17.000  200428.000  98472.000 
 1.000  266.000  5008.250  5008.251  102875.000  20.000  200454.000  98317.000 
 1.000  267.000  5008.600  5008.597  102878.000  19.000  200505.000  98106.000 
 1.000  268.000  5008.950  5008.953  102853.000  18.000  200424.000  97869.000 
 1.000  269.000  5009.300  5009.299  102860.000  19.000  200554.000  97722.000 
 1.000  270.000  5009.650  5009.645  102854.000  14.000  200486.000  97570.000 
 1.000  271.000  5010.008  5010.011  102826.000  13.000  200400.000  97401.000 
 1.000  272.000  5010.994  5010.989  102794.984  12.981  200506.000  96544.977 
 1.000  273.000  5011.999  5011.998  102774.922  12.925  200604.000  95279.906 
 1.000  274.000  5013.022  5013.027  102739.836  12.832  200502.000  93970.789 
 1.000  275.001  5014.065  5014.066  102714.703  12.701  200366.000  92926.625 
 1.000  276.001  5015.127  5015.127  102667.531  11.533  200582.984  92020.414 
 1.001  277.002  5016.208  5016.209  102764.328  13.328  200748.984  91355.156 
 1.001  278.003  5017.308  5017.312  102723.086  14.085  200665.984  90691.859 
 1.001  279.004  5018.427  5018.425  102680.805  13.805  200636.969  90090.508 
 1.001  280.005  5019.565  5019.570  102649.492  12.487  200633.969  89449.109 
 1.002  281.007  5020.722  5020.725  102745.133  13.132  200790.969  88730.664 
 1.002  282.009  5021.898  5021.901  102707.742  12.740  200941.953  87724.180 
 1.003  283.012  5023.093  5023.089  102781.312  13.310  201119.938  87037.641 
 1.003  284.015  5024.308  5024.308  102753.844  12.843  201134.938  86296.055 
 1.004  285.019  5025.541  5025.537  102814.344  12.339  201205.922  85711.422 
 1.004  286.023  5026.793  5026.798  102743.805  12.797  201219.906  85209.750 
 1.005  287.028  5028.064  5028.060  102834.227  15.218  201466.906  84880.023 
 1.005  288.033  5029.355  5029.353  102792.609  13.602  201532.891  84521.258 
 1.006  289.039  5030.665  5030.667  102873.953  14.948  201658.875  84322.438 
 1.007  290.046  5031.993  5031.993  102935.266  14.257  201816.859  84258.578 
 1.007  291.053  5033.341  5033.339  102891.539  13.529  201902.844  84165.664 
 1.008  292.061  5034.708  5034.708  102982.773  12.763  202107.828  84303.711 
 1.009  293.070  5036.093  5036.097  103029.969  13.960  202226.812  84500.703 
 1.010  294.080  5037.498  5037.498  103111.133  14.119  202508.797  84799.656 
 1.011  295.090  5038.921  5038.919  103157.250  13.242  202644.781  85120.555 
 1.012  296.102  5040.364  5040.363  103226.336  14.326  202944.766  85516.414 
 1.012  297.114  5041.826  5041.829  103198.383  13.374  202932.734  85927.227 
 1.013  298.128  5043.307  5043.305  103273.398  13.384  203091.719  86413.984 
 1.014  299.142  5044.807  5044.803  103335.367  13.357  203282.703  86892.703 
 1.015  300.158  5046.326  5046.323  103400.305  14.292  203381.672  87435.375 
 1.017  301.174  5047.864  5047.864  103546.203  14.190  203868.656  88058.992 
 1.018  302.192  5049.421  5049.417  103628.070  14.051  203983.625  88690.570 
 1.019  303.211  5050.998  5051.001  103684.891  12.874  204378.609  89215.102 
 1.020  304.231  5052.593  5052.598  103744.680  13.660  204605.578  89839.586 
 1.021  305.252  5054.208  5054.206  103815.430  12.408  204588.547  90399.023 
 1.023  306.275  5055.841  5055.846  103944.141  13.120  205030.531  91122.414 
 1.024  307.299  5057.493  5057.498  104010.820  12.794  205303.500  91774.750 
 1.025  308.324  5059.165  5059.161  104067.453  12.430  205484.469  92326.047 
 1.027  309.350  5060.855  5060.856  104364.055  14.029  205854.438  93051.297 
 1.028  310.378  5062.564  5062.563  104682.617  13.591  206083.406  93793.500 
 1.029  311.408  5064.293  5064.293  104967.148  13.115  206365.375  94472.656 
 1.031  312.439  5066.041  5066.044  105291.633  12.603  206823.344  95049.766 
 1.032  313.471  5067.808  5067.808  105524.086  14.052  206823.312  95604.828 
 1.034  314.505  5069.593  5069.593  105608.500  13.465  207268.281  95966.852 
 1.036  315.541  5071.398  5071.401  105643.875  13.840  207666.250  96206.820 
 1.037  316.578  5073.222  5073.221  105612.211  15.177  207786.219  96303.742 
 1.039  317.617  5075.065  5075.063  105691.516  14.478  208298.188  96413.617 
 1.041  318.658  5076.927  5076.927  105799.781  15.741  208510.141  96625.445 
 1.042  319.700  5078.808  5078.804  105802.008  14.966  208952.109  96614.227 
 1.044  320.745  5080.708  5080.703  105941.195  15.155  209217.078  96669.969 
 1.046  321.791  5082.627  5082.625  106071.352  16.305  209593.031  96729.656 
 1.048  322.839  5084.565  5084.568  106167.469  16.419  210077.000  96698.297 
 1.050  323.888  5086.522  5086.524  106324.547  15.495  210575.953  96771.891 
 1.052  324.940  5088.499  5088.503  106459.586  16.534  210835.906  96739.445 
 1.054  325.994  5090.494  5090.495  106587.586  18.535  211388.875  96698.945 
 1.056  327.050  5092.508  5092.509  106745.555  20.500  211770.828  96678.406 
 1.058  328.107  5094.542  5094.545  106874.484  20.426  212090.781  96574.812 
 1.060  329.167  5096.594  5096.595  107003.375  18.316  212592.750  96494.172 
 1.062  330.229  5098.666  5098.667  107151.227  20.168  212968.703  96431.492 
 1.064  331.293  5100.756  5100.751  107307.047  19.983  213354.656  96353.758 
 1.066  332.360  5102.866  5102.870  107454.828  19.760  213721.609  96300.984 
 1.069  333.428  5104.994  5104.990  107704.570  17.500  214359.562  96399.156 
 1.071  334.499  5107.142  5107.144  107849.273  17.202  214681.516  96308.289 
 1.073  335.572  5109.309  5109.310  107987.938  17.868  215065.469  96339.375 
 1.075  336.647  5111.495  5111.500  108127.570  15.496  215681.422  96407.406 
 1.078  337.725  5113.699  5113.702  108379.164  15.086  216138.359  96574.398 
 1.080  338.806  5115.923  5115.928  108532.719  14.639  216580.312  96610.336 
 1.083  339.888  5118.166  5118.167  108810.234  15.155  217093.266  96841.234 
 1.085  340.973  5120.428  5120.428  108925.719  14.634  217523.219  96920.086 
 1.088  342.061  5122.709  5122.714  109180.164  15.075  218194.156  97168.891 
 1.090  343.151  5125.009  5125.012  109323.570  20.479  218618.109  97390.641 
 1.093  344.244  5127.329  5127.324  109557.938  17.845  219122.047  97675.352 
 1.095  345.340  5129.667  5129.670  109708.273  14.174  219565.000  98008.016 
 1.098  346.438  5132.024  5132.029  109957.562  14.466  220109.938  98233.633 
 1.101  347.539  5134.400  5134.401  110185.820  16.720  220760.875  98615.203 
 1.104  348.642  5136.795  5136.796  110425.039  16.937  221357.828  99045.727 
 1.106  349.749  5139.210  5139.206  110570.227  16.117  221716.766  99360.203 
 1.109  350.858  5141.644  5141.639  110803.367  17.259  222290.703  99809.625 
 1.112  351.970  5144.096  5144.096  111024.477  12.364  222867.641  100339.008 
 1.115  353.085  5146.567  5146.566  111250.547  13.432  223671.578  100782.344 
 1.118  354.203  5149.058  5149.061  111502.578  13.462  224017.531  101260.633 
 1.121  355.324  5151.568  5151.569  111753.578  13.455  224633.469  101796.883 
 1.124  356.448  5154.097  5154.102  111975.531  13.410  225364.406  102263.078 
 1.127  357.574  5156.644  5156.648  112204.453  15.329  225847.328  102671.227 
 1.130  358.704  5159.211  5159.208  112436.336  14.209  226556.266  103173.328 
 1.133  359.838  5161.797  5161.792  112659.188  15.053  227150.203  103550.383 
 1.136  360.974  5164.402  5164.400  112897.992  13.859  227793.141  103983.391 
 1.139  362.113  5167.026  5167.022  113111.766  15.628  228319.078  104352.352 
 1.143  363.256  5169.669  5169.670  113449.500  16.359  229098.000  104903.273 
 1.146  364.402  5172.331  5172.331  113658.195  14.053  229737.938  105305.141 
 1.149  365.551  5175.012  5175.017  113870.859  10.710  230246.859  105622.961 
 1.153  366.703  5177.712  5177.716  114172.484  9.329  231139.797  106022.734 
 1.156  367.859  5180.431  5180.430  114409.070  12.911  231854.719  106363.469 
 1.159  369.019  5183.169  5183.169  114640.617  12.456  232401.656  106624.148 
 1.163  370.181  5185.927  5185.921  114939.125  11.963  233143.578  106967.781 
 1.166  371.348  5188.703  5188.700  115157.602  12.433  233760.516  107301.375 
 1.170  372.517  5191.499  5191.503  115464.031  12.865  234541.438  107657.914 
 1.173  373.691  5194.313  5194.310  115676.438  12.260  235187.359  108013.414 
 1.177  374.868  5197.146  5197.142  115973.797  12.618  235802.281  108341.859 
 1.181  376.048  5199.999  5199.999  116295.117  12.939  236678.203  108742.266 
 1.184  377.232  5202.871  5202.871  116497.406  13.222  237310.125  108986.617 
 1.188  378.420  5205.761  5205.757  116805.656  14.468  238083.047  109348.930 
 1.192  379.612  5208.671  5208.668  117123.867  14.676  238982.969  109760.188 
 1.195  380.807  5211.600  5211.595  117296.039  14.847  239551.891  110018.406 
 1.199  382.007  5214.547  5214.547  117573.180  15.981  240399.812  110385.578 
 1.203  383.210  5217.514  5217.515  117909.281  19.077  241144.734  110773.695 
 1.207  384.417  5220.500  5220.497  118213.344  20.136  242065.656  111015.773 
 1.211  385.628  5223.505  5223.504  118508.367  15.158  242875.578  111426.805 
 1.215  386.842  5226.529  5226.527  118805.359  15.142  243729.484  111791.781 
 1.219  388.061  5229.572  5229.576  119100.305  16.089  244385.406  112128.719 
 1.223  389.284  5232.634  5232.629  119411.219  16.998  245158.312  112536.609 
 1.227  390.511  5235.715  5235.719  119702.094  15.871  245952.234  112939.453 
 1.231  391.742  5238.816  5238.813  119980.938  16.705  246701.141  113336.250 
 1.235  392.977  5241.935  5241.934  120282.734  17.503  247552.062  113677.000 
 1.239  394.217  5245.073  5245.070  120557.500  19.263  248449.969  114114.695 
 1.244  395.460  5248.230  5248.232  120933.227  16.986  249249.891  114669.352 
 1.248  396.708  5251.407  5251.410  121208.922  18.671  250251.797  115116.961 
 1.252  397.960  5254.603  5254.604  121502.570  19.319  251112.703  115524.523 
 1.256  399.217  5257.817  5257.812  121771.188  18.930  251865.609  116001.039 
 1.261  400.478  5261.050  5261.048  122145.766  23.503  252971.516  116520.508 
 1.265  401.743  5264.303  5264.300  122433.305  23.039  253712.438  117089.930 
 1.270  403.013  5267.575  5267.578  122787.805  23.538  254557.344  117664.305 
 1.274  404.287  5270.865  5270.861  123086.273  24.999  255319.250  118187.633 
 1.279  405.565  5274.175  5274.171  123475.703  26.423  256372.141  118787.922 
 1.283  406.849  5277.504  5277.509  123804.094  25.810  257239.047  119322.156 
 1.288  408.136  5280.852  5280.851  115495.445  23.159  258146.953  111577.344 
 1.292  409.429  5284.219  5284.220  124004.766  24.471  259026.859  119958.484 
 1.297  410.726  5287.604  5287.605  124500.039  23.745  260023.766  120789.578 
 1.302  412.028  5291.010  5291.007  124865.281  26.983  260961.656  121416.633 
 1.307  413.334  5294.434  5294.437  125237.492  21.182  262020.562  122048.633 
 1.311  414.646  5297.877  5297.882  125512.656  20.345  262714.469  122558.586 
 1.316  415.962  5301.339  5301.344  125857.789  21.470  263859.375  123170.492 
 1.321  417.283  5304.820  5304.823  126191.875  18.558  264907.250  123670.359 
 1.326  418.608  5308.320  5308.317  126564.938  18.608  265772.156  124263.172 
 1.331  419.939  5311.840  5311.841  126900.953  23.621  266793.062  124854.945 
 1.336  421.275  5315.378  5315.380  127252.930  20.597  267772.938  125445.664 
 1.341  422.616  5318.936  5318.937  127593.875  21.535  268833.844  126020.336 
 1.346  423.961  5322.512  5322.510  127928.781  21.436  269896.750  126567.969 
 1.351  425.312  5326.107  5326.111  128247.648  25.300  270827.625  127072.547 
 1.356  426.668  5329.722  5329.718  128563.484  23.126  272060.531  127609.086 
 1.361  428.029  5333.355  5333.354  128899.273  24.915  272954.406  128178.570 
 1.366  429.395  5337.008  5337.006  129190.031  24.666  273843.312  128674.016 
 1.371  430.767  5340.680  5340.675  129517.750  20.381  274751.188  129245.414 
 1.377  432.143  5344.371  5344.374  129898.438  24.057  276109.094  129813.758 
 1.382  433.525  5348.081  5348.078  130215.078  21.697  276960.969  130405.062 
 1.387  434.913  5351.810  5351.811  130520.688  22.299  278028.875  130944.320 
 1.393  436.305  5355.557  5355.561  130917.258  22.864  279165.750  131596.531 
 1.398  437.703  5359.324  5359.329  131238.797  24.391  280256.656  132117.688 
 1.403  439.107  5363.110  5363.114  131532.281  24.881  281348.531  132534.797 
 1.409  440.516  5366.915  5366.917  131913.750  25.334  282579.406  133160.875 
 1.414  441.930  5370.739  5370.738  132192.156  24.749  283539.281  133707.891 
 1.420  443.350  5374.583  5374.588  132599.547  26.127  284627.188  134361.875 
 1.426  444.776  5378.445  5378.444  132959.891  28.468  285955.062  135119.797 
 1.431  446.207  5382.326  5382.330  133245.203  23.771  286887.938  135485.672 
 1.437  447.644  5386.226  5386.222  133569.469  25.037  288015.812  136039.516 
 1.443  449.086  5390.146  5390.144  133928.703  21.265  289294.719  136664.297 
 1.448  450.535  5394.084  5394.084  134176.906  22.457  290356.594  137206.047 
 1.454  451.989  5398.042  5398.042  134527.062  21.610  291530.469  137777.734 
 1.460  453.448  5402.018  5402.019  134888.188  24.727  292647.344  138462.391 
 1.466  454.914  5406.014  5406.013  135278.266  26.806  293825.219  139172.984 
 1.472  456.386  5410.028  5410.026  134029.312  25.848  295245.094  138277.547 
 1.477  457.863  5414.062  5414.058  134811.328  27.852  296076.969  139343.047 
 1.483  459.346  5418.114  5418.121  135712.297  27.819  297359.844  140658.516 
 1.489  460.836  5422.186  5422.189  136098.234  28.749  298593.719  141328.938 
 1.495  462.331  5426.277  5426.277  136422.141  27.641  299838.594  142053.297 
 1.501  463.833  5430.387  5430.383  136722.000  30.496  300876.469  142682.625 
 1.508  465.340  5434.516  5434.520  137136.828  32.314  302272.344  143489.891 
 1.514  466.854  5438.664  5438.664  137414.609  33.094  303464.219  144079.125 
 1.520  468.374  5442.831  5442.827  137732.359  31.837  305045.094  144719.312 
 1.526  469.900  5447.017  5447.021  138017.062  33.543  306052.938  145467.438 
 1.532  471.432  5451.222  5451.223  138309.750  35.211  307389.812  146073.531 
 1.539  472.971  5455.446  5455.443  138717.375  28.842  308684.688  146869.578 
 1.545  474.516  5459.689  5459.695  139001.984  31.435  309766.562  147505.562 
 1.551  476.067  5463.952  5463.955  139275.547  28.992  311043.438  148208.516 
 1.558  477.625  5468.233  5468.233  139659.062  30.510  312384.281  148921.422 
 1.564  479.189  5472.533  5472.531  139937.562  28.992  313439.156  149574.266 
 1.571  480.760  5476.853  5476.849  140344.000  34.436  314868.031  150346.078 
 1.577  482.337  5481.191  5481.187  140589.422  30.843  316342.875  150983.844 
 1.584  483.920  5485.548  5485.543  140992.797  30.212  317512.750  151740.562 
 1.590  485.510  5489.925  5489.921  141264.141  30.544  318680.594  152376.219 
 1.597  487.107  5494.321  5494.318  141636.438  32.839  320099.469  153123.844 
 1.603  488.711  5498.735  5498.735  141875.703  32.096  321278.312  153731.422 
 1.610  490.321  5503.169  5503.172  142223.922  32.316  322673.188  154589.953 
 1.617  491.938  5507.622  5507.617  142599.109  32.499  324123.031  155331.438 
 1.624  493.561  5512.093  5512.095  142955.266  36.644  325496.906  156064.859 
 1.630  495.192  5516.584  5516.580  143226.375  34.752  326766.750  156733.250 
 1.637  496.829  5521.094  5521.099  143575.453  34.822  328103.625  157620.594 
 1.644  498.473  5525.623  5525.625  143945.500  35.855  329463.469  158328.891 
 1.651  500.124  5530.171  5530.172  144286.500  34.851  330921.344  159110.141 
 1.658  501.782  5534.738  5534.740  144814.469  36.810  332385.188  159987.344 
 1.665  503.447  5539.324  5539.328  145683.391  36.731  333993.031  161423.500 
 1.672  505.119  5543.930  5543.925  146454.281  33.615  334998.875  162617.609 
 1.679  506.798  5548.554  5548.555  147067.141  34.461  336629.750  163738.672 
 1.686  508.484  5553.197  5553.193  147203.953  36.270  338001.594  164374.688 
 1.693  510.178  5557.859  5557.866  147379.734  39.042  339708.438  164936.656 
 1.700  511.878  5562.541  5562.546  147613.469  37.776  340889.281  165654.562 
 1.708  513.586  5567.241  5567.235  147930.188  40.473  342436.125  166452.438 
 1.715  515.300  5571.960  5571.958  148203.844  40.133  343973.000  167098.266 
 1.722  517.023  5576.699  5576.704  148472.484  39.755  345151.844  167909.047 
 1.729  518.752  5581.457  5581.457  148730.062  34.340  346805.688  168555.797 
 1.737  520.489  5586.233  5586.232  149123.625  37.887  348174.531  169457.484 
 1.744  522.233  5591.029  5591.028  149384.141  38.398  349532.375  170217.125 
 1.752  523.985  5595.843  5595.847  149759.625  37.870  351203.219  171242.719 
 1.759  525.744  5600.677  5600.674  150050.062  42.306  352493.062  171962.266 
 1.767  527.510  5605.530  5605.536  150429.469  42.704  354267.906  172881.766 
 1.774  529.284  5610.402  5610.408  150724.844  43.065  355555.750  173713.219 
 1.782  531.066  5615.293  5615.288  151066.172  43.388  357205.594  174579.625 
 1.789  532.855  5620.203  5620.203  151361.469  45.674  358824.438  175410.984 
 1.797  534.652  5625.132  5625.128  151674.719  45.923  360299.250  176203.297 
 1.805  536.457  5630.080  5630.075  152027.938  46.134  361910.094  177088.562 
 1.812  538.269  5635.047  5635.045  152309.125  45.308  363347.938  177850.797 
 1.820  540.089  5640.033  5640.037  152584.266  48.445  364888.781  178809.969 
 1.828  541.917  5645.038  5645.039  152923.375  53.544  366467.625  179727.094 
 1.836  543.753  5650.062  5650.062  153271.438  52.606  368078.438  180552.172 
 1.844  545.596  5655.106  5655.110  153576.469  56.631  369667.281  181429.203 
 1.851  547.448  5660.168  5660.167  153771.469  49.618  371039.125  182187.203 
 1.859  549.307  5665.250  5665.246  154049.422  53.568  372696.938  183075.141 
 1.867  551.175  5670.350  5670.349  154334.344  54.480  374225.781  183808.031 
 1.875  553.050  5675.469  5675.475  154609.234  54.355  375805.625  184741.875 
 1.883  554.933  5680.608  5680.610  154810.078  54.193  377438.438  185534.688 
 1.892  556.825  5685.766  5685.770  155175.891  55.994  379301.281  186508.438 
 1.900  558.725  5690.942  5690.939  155435.656  55.757  380895.094  187232.141 
 1.908  560.632  5696.138  5696.131  155645.391  58.482  382670.938  188109.812 
 1.916  562.548  5701.353  5701.348  155897.094  64.171  383975.750  188902.422 
 1.924  564.473  5706.586  5706.588  156088.750  65.822  385579.594  189677.984 
 1.933  566.405  5711.839  5711.838  156378.375  68.436  387435.406  190604.516 
 1.941  568.346  5717.111  5717.112  156602.953  70.012  389107.250  191424.984 
 1.949  570.295  5722.402  5722.396  156766.500  70.551  390636.062  192151.406 
 1.958  572.253  5727.712  5727.719  157038.016  66.052  392595.906  193008.797 
 1.966  574.219  5733.041  5733.038  157209.484  58.517  394152.719  193784.125 
 1.974  576.193  5738.389  5738.395  157377.922  61.943  395898.531  194523.422 
 1.983  578.176  5743.756  5743.763  157609.312  64.333  397605.344  195300.656 
 1.991  580.167  5749.143  5749.141  157689.672  66.685  399282.188  195992.859 
 2.000  582.167  5754.548  5754.544  157925.000  73.000  400951.000  196766.000 