SSRL   EXAFS Data Collector 4.0       
Tue Feb 20 22:10:53 2018              
PTS:        504 COLS:          8
lytle.det                             
TiEXAFS.rgn                           
43 unfocused  0.000 0 X 3.135500 20000                                        
5 1000 600 REP 0 0                    
20170427_Ti_SiO2 0.5 wt% Ti                                                   
lytle                                                                         
T = 350 C, He = 30 sscm                                                       
Full EXAFS high T                                                             
                                                                              
                                                                              

Weights: 
 1.000  1.000  1.000  1.000  1.000  1.000  1.000  1.000 
Offsets: 
 0.000  0.000  0.000  0.000  1013.000  1014.000  21.000  1267.000 
Data: 
Real time clock   
Total time        
Requested Energy  
Achieved Energy   
I0                
I1                
I2                
Lytle             

 1.000  1.000  4730.000  4730.002  109468.000  8.000  350386.000  15919.000 
 1.000  2.000  4740.500  4740.498  109214.000  9.000  350417.000  16148.000 
 1.000  3.000  4751.000  4750.999  108999.000  7.000  350363.000  16428.000 
 1.000  4.000  4761.500  4761.497  108803.000  10.000  350426.000  16677.000 
 1.000  5.000  4772.000  4772.000  108582.000  11.000  350397.000  16885.000 
 1.000  6.000  4782.500  4782.500  108373.000  10.000  350420.000  17176.000 
 1.000  7.000  4793.000  4792.996  108156.000  8.000  350371.000  17457.000 
 1.000  8.000  4803.500  4803.496  107919.000  9.000  350582.000  17721.000 
 1.000  9.000  4814.000  4814.000  107716.000  8.000  350463.000  17972.000 
 1.000  10.000  4824.500  4824.499  107438.000  8.000  350428.000  18248.000 
 1.000  11.000  4835.000  4835.001  107222.000  9.000  350497.000  18528.000 
 1.000  12.000  4845.500  4845.497  107008.000  11.000  350465.000  18793.000 
 1.000  13.000  4856.000  4855.996  106803.000  11.000  350473.000  19074.000 
 1.000  14.000  4866.500  4866.497  106568.000  12.000  350588.000  19370.000 
 1.000  15.000  4877.000  4877.000  106342.000  10.000  350488.000  19630.000 
 1.000  16.000  4887.500  4887.504  106085.000  6.000  350299.000  19933.000 
 1.000  17.000  4898.000  4898.000  105905.000  6.000  350445.000  20198.000 
 1.000  18.000  4908.500  4908.498  105640.000  7.000  350343.000  20489.000 
 1.000  19.000  4919.000  4918.996  105437.000  7.000  350391.000  20789.000 
 1.000  20.000  4929.500  4929.504  105201.000  9.000  350364.000  21113.000 
 1.000  21.000  4940.000  4940.002  104972.000  9.000  350448.000  21438.000 
 1.000  22.000  4940.500  4940.496  104981.000  8.000  350439.000  21458.000 
 1.000  23.000  4941.000  4941.000  104967.000  10.000  350378.000  21481.000 
 1.000  24.000  4941.500  4941.503  104943.000  9.000  350458.000  21501.000 
 1.000  25.000  4942.000  4941.997  104955.000  10.000  350514.000  21493.000 
 1.000  26.000  4942.500  4942.501  104933.000  10.000  350572.000  21505.000 
 1.000  27.000  4943.000  4943.005  104921.000  10.000  350524.000  21575.000 
 1.000  28.000  4943.500  4943.499  104906.000  10.000  350422.000  21551.000 
 1.000  29.000  4944.000  4944.003  104915.000  11.000  350477.000  21575.000 
 1.000  30.000  4944.500  4944.498  104882.000  10.000  350461.000  21575.000 
 1.000  31.000  4945.000  4945.002  104871.000  12.000  350447.000  21579.000 
 1.000  32.000  4945.500  4945.497  104845.000  9.000  350460.000  21594.000 
 1.000  33.000  4946.000  4946.002  104843.000  10.000  350530.000  21642.000 
 1.000  34.000  4946.500  4946.497  104836.000  11.000  350445.000  21668.000 
 1.000  35.000  4947.000  4947.001  104811.000  10.000  350529.000  21688.000 
 1.000  36.000  4947.500  4947.497  104798.000  9.000  350482.000  21716.000 
 1.000  37.000  4948.000  4948.002  104786.000  9.000  350531.000  21684.000 
 1.000  38.000  4948.500  4948.498  104748.000  11.000  350361.000  21713.000 
 1.000  39.000  4949.000  4949.003  104753.000  10.000  350411.000  21750.000 
 1.000  40.000  4949.500  4949.499  104755.000  11.000  350461.000  21766.000 
 1.000  41.000  4950.000  4950.004  104717.000  8.000  350421.000  21769.000 
 1.000  42.000  4950.500  4950.500  104713.000  9.000  350406.000  21777.000 
 1.000  43.000  4951.000  4950.996  104708.000  10.000  350380.000  21804.000 
 1.000  44.000  4951.500  4951.501  104690.000  11.000  350453.000  21839.000 
 1.000  45.000  4952.000  4951.998  104656.000  11.000  350589.000  21849.000 
 1.000  46.000  4952.500  4952.504  104656.000  8.000  350514.000  21884.000 
 1.000  47.000  4953.000  4953.000  104644.000  9.000  350380.000  21944.000 
 1.000  48.000  4953.500  4953.497  104628.000  11.000  350335.000  21948.000 
 1.000  49.000  4954.000  4954.003  104606.000  10.000  350485.000  21948.000 
 1.000  50.000  4954.500  4954.500  104590.000  10.000  350375.000  21962.000 
 1.000  51.000  4955.000  4954.997  104571.000  11.000  350424.000  21995.000 
 1.000  52.000  4955.500  4955.503  104566.000  10.000  350464.000  22008.000 
 1.000  53.000  4956.000  4956.000  104556.000  11.000  350522.000  22042.000 
 1.000  54.000  4956.500  4956.498  104552.000  10.000  350521.000  22071.000 
 1.000  55.000  4957.000  4957.005  104526.000  10.000  350465.000  22096.000 
 1.000  56.000  4957.500  4957.502  104509.000  10.000  350420.000  22124.000 
 1.000  57.000  4958.000  4958.000  104508.000  10.000  350376.000  22156.000 
 1.000  58.000  4958.500  4958.497  104487.000  11.000  350456.000  22195.000 
 1.000  59.000  4959.000  4959.005  104473.000  10.000  350386.000  22203.000 
 1.000  60.000  4959.500  4959.502  104486.000  10.000  350449.000  22256.000 
 1.000  61.000  4960.000  4960.000  104464.000  9.000  350516.000  22268.000 
 1.000  62.000  4960.500  4960.499  104443.000  10.000  350506.000  22343.000 
 1.000  63.000  4961.000  4960.997  104417.000  11.000  350524.000  22323.000 
 1.000  64.000  4961.500  4961.505  104428.000  10.000  350340.000  22370.000 
 1.000  65.000  4962.000  4962.003  104409.000  10.000  350364.000  22427.000 
 1.000  66.000  4962.500  4962.501  104384.000  10.000  350509.000  22474.000 
 1.000  67.000  4963.000  4963.000  104372.000  11.000  350405.000  22549.000 
 1.000  68.000  4963.500  4963.499  104352.000  10.000  350505.000  22602.000 
 1.000  69.000  4964.000  4963.998  104340.000  10.000  350340.000  22671.000 
 1.000  70.000  4964.500  4964.496  104335.000  11.000  350459.000  22753.000 
 1.000  71.000  4965.000  4964.995  104326.000  11.000  350427.000  22892.000 
 1.000  72.000  4965.100  4965.095  104326.000  12.000  350412.000  22927.000 
 1.000  73.000  4965.200  4965.205  104316.000  11.000  350474.000  22927.000 
 1.000  74.000  4965.300  4965.305  104322.000  11.000  350502.000  22992.000 
 1.000  75.000  4965.400  4965.404  104317.000  12.000  350529.000  23036.000 
 1.000  76.000  4965.500  4965.504  104297.000  13.000  350581.000  23051.000 
 1.000  77.000  4965.600  4965.604  104304.000  11.000  350463.000  23068.000 
 1.000  78.000  4965.700  4965.704  104289.000  12.000  350435.000  23087.000 
 1.000  79.000  4965.800  4965.804  104294.000  11.000  350431.000  23133.000 
 1.000  80.000  4965.900  4965.904  104276.000  11.000  350390.000  23195.000 
 1.000  81.000  4966.000  4966.003  104276.000  11.000  350371.000  23252.000 
 1.000  82.000  4966.100  4966.104  104268.000  8.000  350368.000  23300.000 
 1.000  83.000  4966.200  4966.203  104262.000  10.000  350345.000  23348.000 
 1.000  84.000  4966.300  4966.303  104263.000  10.000  350532.000  23403.000 
 1.000  85.000  4966.400  4966.403  104252.000  10.000  350500.000  23471.000 
 1.000  86.000  4966.500  4966.503  104251.000  12.000  350545.000  23536.000 
 1.000  87.000  4966.600  4966.603  104255.000  12.000  350448.000  23563.000 
 1.000  88.000  4966.700  4966.703  104232.000  11.000  350419.000  23680.000 
 1.000  89.000  4966.800  4966.802  104230.000  10.000  350418.000  23727.000 
 1.000  90.000  4966.900  4966.902  104224.000  11.000  350503.000  23813.000 
 1.000  91.000  4967.000  4967.002  104218.000  11.000  350389.000  23895.000 
 1.000  92.000  4967.100  4967.102  104210.000  10.000  350466.000  24009.000 
 1.000  93.000  4967.200  4967.202  104218.000  10.000  350463.000  24114.000 
 1.000  94.000  4967.300  4967.302  104209.000  8.000  350383.000  24269.000 
 1.000  95.000  4967.400  4967.402  104219.000  10.000  350455.000  24389.000 
 1.000  96.000  4967.500  4967.502  104194.000  10.000  350365.000  24553.000 
 1.000  97.000  4967.600  4967.602  104184.000  10.000  350365.000  24733.000 
 1.000  98.000  4967.700  4967.702  104190.000  10.000  350484.000  24923.000 
 1.000  99.000  4967.800  4967.802  104160.000  10.000  350457.000  25189.000 
 1.000  100.000  4967.900  4967.901  104188.000  10.000  350429.000  25477.000 
 1.000  101.000  4968.000  4968.001  104165.000  10.000  350500.000  25827.000 
 1.000  102.000  4968.100  4968.102  104145.000  10.000  350510.000  26266.000 
 1.000  103.000  4968.200  4968.201  104147.000  11.000  350535.000  26687.000 
 1.000  104.000  4968.300  4968.301  104148.000  9.000  350410.000  27206.000 
 1.000  105.000  4968.400  4968.401  104129.000  10.000  350432.000  27825.000 
 1.000  106.000  4968.500  4968.501  104138.000  8.000  350473.000  28569.000 
 1.000  107.000  4968.600  4968.601  104109.000  9.000  350380.000  29406.000 
 1.000  108.000  4968.700  4968.701  104106.000  8.000  350360.000  30359.000 
 1.000  109.000  4968.800  4968.801  104088.000  9.000  350439.000  31493.000 
 1.000  110.000  4968.900  4968.901  104097.000  9.000  350388.000  32721.000 
 1.000  111.000  4969.000  4969.001  104092.000  9.000  350365.000  34156.000 
 1.000  112.000  4969.100  4969.101  104080.000  10.000  350388.000  35815.000 
 1.000  113.000  4969.200  4969.201  104055.000  11.000  350354.000  37868.000 
 1.000  114.000  4969.300  4969.301  104049.000  11.000  350456.000  40096.000 
 1.000  115.000  4969.400  4969.401  104057.000  11.000  350524.000  42507.000 
 1.000  116.000  4969.500  4969.501  104027.000  11.000  350400.000  45219.000 
 1.000  117.000  4969.600  4969.601  104035.000  11.000  350461.000  47976.000 
 1.000  118.000  4969.700  4969.701  104031.000  10.000  350396.000  50681.000 
 1.000  119.000  4969.800  4969.801  103997.000  10.000  350473.000  53085.000 
 1.000  120.000  4969.900  4969.901  104007.000  10.000  350543.000  55047.000 
 1.000  121.000  4970.000  4970.001  103976.000  11.000  350585.000  56445.000 
 1.000  122.000  4970.100  4970.101  103984.000  12.000  350468.000  57103.000 
 1.000  123.000  4970.200  4970.201  103949.000  10.000  350399.000  56970.000 
 1.000  124.000  4970.300  4970.301  103952.000  11.000  350548.000  56059.000 
 1.000  125.000  4970.400  4970.401  103941.000  11.000  350539.000  54483.000 
 1.000  126.000  4970.500  4970.501  103941.000  12.000  350446.000  52300.000 
 1.000  127.000  4970.600  4970.602  103926.000  13.000  350459.000  49699.000 
 1.000  128.000  4970.700  4970.702  103923.000  8.000  350463.000  46990.000 
 1.000  129.000  4970.800  4970.801  103923.000  9.000  350400.000  44213.000 
 1.000  130.000  4970.900  4970.901  103910.000  8.000  350547.000  41513.000 
 1.000  131.000  4971.000  4971.001  103897.000  9.000  350435.000  39129.000 
 1.000  132.000  4971.100  4971.102  103890.000  6.000  350417.000  37029.000 
 1.000  133.000  4971.200  4971.202  103872.000  8.000  350465.000  35334.000 
 1.000  134.000  4971.300  4971.302  103872.000  7.000  350392.000  33896.000 
 1.000  135.000  4971.400  4971.402  103867.000  8.000  350414.000  32807.000 
 1.000  136.000  4971.500  4971.502  103853.000  8.000  350376.000  31943.000 
 1.000  137.000  4971.600  4971.602  103850.000  11.000  350466.000  31261.000 
 1.000  138.000  4971.700  4971.702  103833.000  9.000  350357.000  30727.000 
 1.000  139.000  4971.800  4971.802  103837.000  11.000  350332.000  30340.000 
 1.000  140.000  4971.900  4971.902  103837.000  9.000  350406.000  30051.000 
 1.000  141.000  4972.000  4972.002  103843.000  8.000  350381.000  29767.000 
 1.000  142.000  4972.100  4972.103  103819.000  9.000  350579.000  29540.000 
 1.000  143.000  4972.200  4972.203  103819.000  8.000  350500.000  29387.000 
 1.000  144.000  4972.300  4972.303  103809.000  9.000  350344.000  29273.000 
 1.000  145.000  4972.400  4972.403  103805.000  9.000  350553.000  29186.000 
 1.000  146.000  4972.500  4972.503  103813.000  8.000  350474.000  29077.000 
 1.000  147.000  4972.600  4972.604  103782.000  9.000  350437.000  28960.000 
 1.000  148.000  4972.700  4972.704  103774.000  9.000  350507.000  28892.000 
 1.000  149.000  4972.800  4972.804  103772.000  7.000  350514.000  28876.000 
 1.000  150.000  4972.900  4972.904  103758.000  10.000  350437.000  28801.000 
 1.000  151.000  4973.000  4973.004  103762.000  11.000  350477.000  28787.000 
 1.000  152.000  4973.100  4973.104  103753.000  13.000  350395.000  28736.000 
 1.000  153.000  4973.200  4973.204  103746.000  16.000  350389.000  28717.000 
 1.000  154.000  4973.300  4973.305  103738.000  17.000  350476.000  28670.000 
 1.000  155.000  4973.400  4973.405  103739.000  16.000  350426.000  28655.000 
 1.000  156.000  4973.500  4973.505  103720.000  18.000  350406.000  28607.000 
 1.000  157.000  4973.600  4973.605  103716.000  16.000  350534.000  28625.000 
 1.000  158.000  4973.700  4973.695  103718.000  16.000  350420.000  28601.000 
 1.000  159.000  4973.800  4973.795  103712.000  16.000  350554.000  28583.000 
 1.000  160.000  4973.900  4973.896  103713.000  15.000  350431.000  28580.000 
 1.000  161.000  4974.000  4973.996  103694.000  15.000  350459.000  28642.000 
 1.000  162.000  4974.100  4974.096  103688.000  14.000  350254.000  28637.000 
 1.000  163.000  4974.200  4974.196  103688.000  14.000  350357.000  28598.000 
 1.000  164.000  4974.300  4974.296  103678.000  13.000  350418.000  28650.000 
 1.000  165.000  4974.400  4974.396  103671.000  14.000  350494.000  28701.000 
 1.000  166.000  4974.500  4974.497  103675.000  14.000  350491.000  28820.000 
 1.000  167.000  4974.600  4974.597  103664.000  14.000  350521.000  28899.000 
 1.000  168.000  4974.700  4974.697  103653.000  15.000  350374.000  29014.000 
 1.000  169.000  4974.800  4974.797  103658.000  12.000  350424.000  29160.000 
 1.000  170.000  4974.900  4974.898  103645.000  15.000  350517.000  29291.000 
 1.000  171.000  4975.000  4974.998  103631.000  15.000  350419.000  29491.000 
 1.000  172.000  4975.350  4975.349  103621.000  14.000  350514.000  30159.000 
 1.000  173.000  4975.700  4975.700  103598.000  15.000  350436.000  30858.000 
 1.000  174.000  4976.050  4976.051  103633.000  15.000  350483.000  31680.000 
 1.000  175.000  4976.400  4976.402  103611.000  15.000  350434.000  32689.000 
 1.000  176.000  4976.750  4976.753  103578.000  16.000  350563.000  33923.000 
 1.000  177.000  4977.100  4977.104  103663.000  13.000  350428.000  35350.000 
 1.000  178.000  4977.450  4977.445  103881.000  14.000  350288.000  36911.000 
 1.000  179.000  4977.800  4977.797  104062.000  12.000  350437.000  38624.000 
 1.000  180.000  4978.150  4978.148  104244.000  13.000  350451.000  40232.000 
 1.000  181.000  4978.500  4978.500  104401.000  12.000  350399.000  41803.000 
 1.000  182.000  4978.850  4978.851  104535.000  12.000  350392.000  43079.000 
 1.000  183.000  4979.200  4979.202  104464.000  12.000  350413.000  44177.000 
 1.000  184.000  4979.550  4979.554  104377.000  12.000  350574.000  45150.000 
 1.000  185.000  4979.900  4979.896  104305.000  14.000  350576.000  46027.000 
 1.000  186.000  4980.250  4980.247  104242.000  15.000  350404.000  47142.000 
 1.000  187.000  4980.600  4980.599  104186.000  12.000  350431.000  48201.000 
 1.000  188.000  4980.950  4980.951  104141.000  13.000  350551.000  49320.000 
 1.000  189.000  4981.300  4981.302  104103.000  13.000  350420.000  50529.000 
 1.000  190.000  4981.650  4981.654  104078.000  12.000  350437.000  51845.000 
 1.000  191.000  4982.000  4981.996  104032.000  12.000  350454.000  53460.000 
 1.000  192.000  4982.350  4982.348  104002.000  11.000  350495.000  55531.000 
 1.000  193.000  4982.700  4982.700  103974.000  13.000  350526.000  57751.000 
 1.000  194.000  4983.050  4983.052  103952.000  13.000  350547.000  60093.000 
 1.000  195.000  4983.400  4983.404  103935.000  13.000  350473.000  62267.000 
 1.000  196.000  4983.750  4983.747  103923.000  14.000  350487.000  64285.000 
 1.000  197.000  4984.100  4984.099  103882.000  13.000  350397.000  66175.000 
 1.000  198.000  4984.450  4984.451  103887.000  13.000  350450.000  67901.000 
 1.000  199.000  4984.800  4984.803  103857.000  13.000  350470.000  69182.000 
 1.000  200.000  4985.150  4985.146  103854.000  11.000  350385.000  70459.000 
 1.000  201.000  4985.500  4985.498  103828.000  11.000  350405.000  71609.000 
 1.000  202.000  4985.850  4985.851  103825.000  10.000  350399.000  72659.000 
 1.000  203.000  4986.200  4986.203  103824.000  10.000  350381.000  73594.000 
 1.000  204.000  4986.550  4986.546  103817.000  9.000  350465.000  74527.000 
 1.000  205.000  4986.900  4986.898  103790.000  10.000  350499.000  75031.000 
 1.000  206.000  4987.250  4987.251  103780.000  12.000  350446.000  75541.000 
 1.000  207.000  4987.600  4987.604  103766.000  10.000  350460.000  75891.000 
 1.000  208.000  4987.950  4987.947  103764.000  11.000  350466.000  76288.000 
 1.000  209.000  4988.300  4988.300  103761.000  10.000  350492.000  76579.000 
 1.000  210.000  4988.650  4988.653  103753.000  9.000  350388.000  76905.000 
 1.000  211.000  4989.000  4988.996  103759.000  10.000  350454.000  77238.000 
 1.000  212.000  4989.350  4989.349  103731.000  10.000  350474.000  77536.000 
 1.000  213.000  4989.700  4989.702  103726.000  11.000  350493.000  77829.000 
 1.000  214.000  4990.050  4990.055  103716.000  10.000  350459.000  78129.000 
 1.000  215.000  4990.400  4990.398  103708.000  11.000  350398.000  78412.000 
 1.000  216.000  4990.750  4990.751  103713.000  10.000  350418.000  78717.000 
 1.000  217.000  4991.100  4991.104  103699.000  12.000  350392.000  78993.000 
 1.000  218.000  4991.450  4991.448  103684.000  11.000  350470.000  79232.000 
 1.000  219.000  4991.800  4991.801  103703.000  11.000  350451.000  79466.000 
 1.000  220.000  4992.150  4992.155  103681.000  10.000  350507.000  79758.000 
 1.000  221.000  4992.500  4992.498  103660.000  10.000  350551.000  80028.000 
 1.000  222.000  4992.850  4992.852  103658.000  10.000  350596.000  80269.000 
 1.000  223.000  4993.200  4993.195  103649.000  10.000  350348.000  80500.000 
 1.000  224.000  4993.550  4993.549  103641.000  10.000  350516.000  80874.000 
 1.000  225.000  4993.900  4993.903  103647.000  10.000  350347.000  81165.000 
 1.000  226.000  4994.250  4994.247  103625.000  11.000  350446.000  81354.000 
 1.000  227.000  4994.600  4994.601  103615.000  12.000  350432.000  81519.000 
 1.000  228.000  4994.950  4994.955  103609.000  14.000  350493.000  81562.000 
 1.000  229.000  4995.300  4995.298  103595.000  14.000  350419.000  81661.000 
 1.000  230.000  4995.650  4995.652  103568.000  14.000  350467.000  81819.000 
 1.000  231.000  4996.000  4995.996  103580.000  13.000  350488.000  82067.000 
 1.000  232.000  4996.350  4996.351  103562.000  14.000  350564.000  82222.000 
 1.000  233.000  4996.700  4996.705  103548.000  13.000  350435.000  82451.000 
 1.000  234.000  4997.050  4997.049  103548.000  14.000  350530.000  82640.000 
 1.000  235.000  4997.400  4997.403  103538.000  13.000  350490.000  82839.000 
 1.000  236.000  4997.750  4997.747  103532.000  15.000  350518.000  82998.000 
 1.000  237.000  4998.100  4998.102  103523.000  14.000  350531.000  83162.000 
 1.000  238.000  4998.450  4998.446  103535.000  17.000  350537.000  83369.000 
 1.000  239.000  4998.800  4998.801  103523.000  17.000  350508.000  83648.000 
 1.000  240.000  4999.150  4999.145  103515.000  15.000  350449.000  83835.000 
 1.000  241.000  4999.500  4999.500  103498.000  16.000  350432.000  84031.000 
 1.000  242.000  4999.850  4999.854  103491.000  16.000  350594.000  84211.000 
 1.000  243.000  5000.200  5000.199  103491.000  17.000  350397.000  84389.000 
 1.000  244.000  5000.550  5000.554  103493.000  16.000  350471.000  84672.000 
 1.000  245.000  5000.900  5000.898  103475.000  16.000  350516.000  84761.000 
 1.000  246.000  5001.250  5001.253  103473.000  16.000  350498.000  84873.000 
 1.000  247.000  5001.600  5001.598  103479.000  15.000  350520.000  85054.000 
 1.000  248.000  5001.950  5001.953  103465.000  15.000  350465.000  85227.000 
 1.000  249.000  5002.300  5002.298  103461.000  15.000  350461.000  85424.000 
 1.000  250.000  5002.650  5002.653  103441.000  15.000  350496.000  85587.000 
 1.000  251.000  5003.000  5002.998  103429.000  14.000  350410.000  85689.000 
 1.000  252.000  5003.350  5003.354  103426.000  16.000  350429.000  85905.000 
 1.000  253.000  5003.700  5003.699  103424.000  14.000  350370.000  86107.000 
 1.000  254.000  5004.050  5004.054  103398.000  15.000  350380.000  86113.000 
 1.000  255.000  5004.400  5004.399  103400.000  15.000  350534.000  86079.000 
 1.000  256.000  5004.750  5004.754  103408.000  14.000  350375.000  86057.000 
 1.000  257.000  5005.100  5005.100  103378.000  14.000  350390.000  86111.000 
 1.000  258.000  5005.450  5005.445  103377.000  15.000  350425.000  86155.000 
 1.000  259.000  5005.800  5005.801  103368.000  14.000  350477.000  86230.000 
 1.000  260.000  5006.150  5006.146  103364.000  15.000  350353.000  86094.000 
 1.000  261.000  5006.500  5006.502  103354.000  15.000  350350.000  85918.000 
 1.000  262.000  5006.850  5006.848  103369.000  15.000  350435.000  85706.000 
 1.000  263.000  5007.200  5007.204  103352.000  16.000  350424.000  85466.000 
 1.000  264.000  5007.550  5007.549  103358.000  17.000  350342.000  85244.000 
 1.000  265.000  5007.900  5007.895  103350.000  17.000  350408.000  85065.000 
 1.000  266.000  5008.250  5008.251  103316.000  17.000  350429.000  84864.000 
 1.000  267.000  5008.600  5008.597  103313.000  16.000  350556.000  84771.000 
 1.000  268.000  5008.950  5008.953  103328.000  17.000  350495.000  84555.000 
 1.000  269.000  5009.300  5009.299  103310.000  16.000  350506.000  84348.000 
 1.000  270.000  5009.650  5009.645  103312.000  17.000  350385.000  84147.000 
 1.000  271.000  5010.008  5010.011  103316.000  17.000  350448.000  83950.000 
 1.000  272.000  5010.994  5010.989  103291.984  17.981  350437.000  83334.977 
 1.000  273.000  5011.999  5011.998  103242.922  16.925  350457.000  82101.906 
 1.000  274.000  5013.022  5013.027  103251.836  17.832  350514.000  80952.789 
 1.000  275.001  5014.065  5014.066  103218.703  12.701  350486.000  80149.625 
 1.000  276.001  5015.127  5015.127  103183.531  12.533  350482.000  79321.414 
 1.001  277.002  5016.208  5016.209  103262.328  13.328  350783.000  78610.156 
 1.001  278.003  5017.308  5017.312  103278.086  12.085  350801.969  77904.859 
 1.001  279.004  5018.427  5018.425  103199.805  12.805  350811.969  77407.508 
 1.001  280.005  5019.565  5019.570  103207.492  11.487  350791.969  76715.109 
 1.002  281.007  5020.722  5020.725  103289.133  12.132  351074.969  75857.664 
 1.002  282.009  5021.898  5021.901  103253.742  10.740  351109.969  74868.180 
 1.003  283.012  5023.093  5023.089  103313.312  12.310  351414.938  74212.641 
 1.003  284.015  5024.308  5024.308  103297.844  12.843  351335.938  73587.055 
 1.004  285.019  5025.541  5025.537  103372.344  12.339  351874.938  73076.422 
 1.004  286.023  5026.793  5026.798  103327.805  13.797  351919.906  72626.750 
 1.005  287.028  5028.064  5028.060  103394.227  13.218  352272.906  72087.023 
 1.005  288.033  5029.355  5029.353  103380.609  12.602  352085.875  71548.258 
 1.006  289.039  5030.665  5030.667  103470.953  14.948  352502.875  71177.438 
 1.007  290.046  5031.993  5031.993  103535.266  15.257  352943.875  71036.578 
 1.007  291.053  5033.341  5033.339  103509.539  14.529  352889.844  70903.664 
 1.008  292.061  5034.708  5034.708  103554.773  13.763  353278.844  70878.711 
 1.009  293.070  5036.093  5036.097  103636.969  13.960  353703.812  71142.703 
 1.010  294.080  5037.498  5037.498  103692.133  14.119  353983.781  71263.656 
 1.011  295.090  5038.921  5038.919  103777.250  15.242  354341.781  71365.555 
 1.012  296.102  5040.364  5040.363  103815.336  15.326  354441.750  71672.414 
 1.012  297.114  5041.826  5041.829  103799.383  14.374  354579.750  72125.227 
 1.013  298.128  5043.307  5043.305  103862.398  12.384  355117.719  72439.984 
 1.014  299.142  5044.807  5044.803  103910.367  13.357  355322.688  72828.703 
 1.015  300.158  5046.326  5046.323  103975.305  13.292  355762.688  73253.375 
 1.017  301.174  5047.864  5047.864  104128.203  13.190  356417.656  73758.992 
 1.018  302.192  5049.421  5049.417  104210.070  14.051  356781.625  74382.570 
 1.019  303.211  5050.998  5051.001  104264.891  11.874  357093.594  74837.102 
 1.020  304.231  5052.593  5052.598  104325.680  12.660  357442.594  75256.586 
 1.021  305.252  5054.208  5054.206  104380.430  11.408  357707.562  75897.023 
 1.023  306.275  5055.841  5055.846  104528.141  12.120  358375.531  76409.414 
 1.024  307.299  5057.493  5057.498  104592.820  9.794  358902.500  77020.750 
 1.025  308.324  5059.165  5059.161  104650.453  8.430  359269.469  77579.047 
 1.027  309.350  5060.855  5060.856  104802.055  10.029  359948.438  78299.297 
 1.028  310.378  5062.564  5062.563  104846.617  9.591  360198.406  78853.500 
 1.029  311.408  5064.293  5064.293  104894.148  12.115  360620.375  79113.656 
 1.031  312.439  5066.041  5066.044  105057.633  11.603  361407.344  79526.766 
 1.032  313.471  5067.808  5067.808  105121.086  10.052  361654.312  80034.828 
 1.034  314.505  5069.593  5069.593  105265.500  9.465  362369.281  80496.852 
 1.036  315.541  5071.398  5071.401  105419.875  8.840  363140.250  80863.820 
 1.037  316.578  5073.222  5073.221  105472.211  6.177  363464.219  81178.742 
 1.039  317.617  5075.065  5075.063  105621.516  5.478  364115.188  81478.617 
 1.041  318.658  5076.927  5076.927  105750.781  6.741  364805.156  81869.445 
 1.042  319.700  5078.808  5078.804  105816.008  5.966  365077.094  81912.227 
 1.044  320.745  5080.708  5080.703  105961.195  5.155  365941.062  82017.969 
 1.046  321.791  5082.627  5082.625  106108.352  5.305  366487.031  82189.656 
 1.048  322.839  5084.565  5084.568  106245.469  7.419  367294.000  82135.297 
 1.050  323.888  5086.522  5086.524  106416.547  6.495  367997.969  82148.891 
 1.052  324.940  5088.499  5088.503  106546.586  7.534  368631.906  82141.445 
 1.054  325.994  5090.494  5090.495  106688.586  5.535  369233.875  82049.945 
 1.056  327.050  5092.508  5092.509  106824.555  5.500  370004.844  82012.406 
 1.058  328.107  5094.542  5094.545  106954.484  6.426  370716.781  81913.812 
 1.060  329.167  5096.594  5096.595  107113.375  7.316  371512.750  81829.172 
 1.062  330.229  5098.666  5098.667  107255.227  5.168  372161.688  81803.492 
 1.064  331.293  5100.756  5100.751  107404.047  5.983  372797.656  81683.758 
 1.066  332.360  5102.866  5102.870  107566.828  6.760  373730.594  81511.984 
 1.069  333.428  5104.994  5104.990  107799.570  10.500  374745.562  81757.156 
 1.071  334.499  5107.142  5107.144  107925.273  6.202  375366.500  81643.289 
 1.073  335.572  5109.309  5109.310  108035.938  5.868  375878.469  81633.375 
 1.075  336.647  5111.495  5111.500  108232.570  7.496  376709.406  81530.406 
 1.078  337.725  5113.699  5113.702  108441.164  11.086  377817.375  81468.398 
 1.080  338.806  5115.923  5115.928  108584.719  11.639  378540.312  81465.336 
 1.083  339.888  5118.166  5118.167  108815.234  11.155  379655.250  81541.234 
 1.085  340.973  5120.428  5120.428  108958.719  11.634  380059.219  81736.086 
 1.088  342.061  5122.709  5122.714  109196.164  12.075  381280.156  81889.891 
 1.090  343.151  5125.009  5125.012  109320.570  12.479  381972.094  81978.641 
 1.093  344.244  5127.329  5127.324  109540.938  13.845  382952.062  82199.352 
 1.095  345.340  5129.667  5129.670  109692.273  10.174  383740.000  82363.016 
 1.098  346.438  5132.024  5132.029  109915.562  7.466  384830.938  82769.633 
 1.101  347.539  5134.400  5134.401  110110.820  7.720  385853.875  82980.203 
 1.104  348.642  5136.795  5136.796  110371.039  9.937  386701.812  83277.727 
 1.106  349.749  5139.210  5139.206  110481.227  9.117  387607.781  83506.203 
 1.109  350.858  5141.644  5141.639  110734.367  7.259  388578.719  83924.625 
 1.112  351.970  5144.096  5144.096  110951.477  7.364  389687.656  84299.008 
 1.115  353.085  5146.567  5146.566  111153.547  6.432  390711.594  84748.344 
 1.118  354.203  5149.058  5149.061  111378.578  8.462  391929.531  85182.633 
 1.121  355.324  5151.568  5151.569  111612.578  8.455  392857.469  85552.883 
 1.124  356.448  5154.097  5154.102  111825.531  8.410  393947.406  85980.078 
 1.127  357.574  5156.644  5156.648  112062.453  8.329  394869.344  86489.227 
 1.130  358.704  5159.211  5159.208  112258.336  6.209  395925.281  86916.328 
 1.133  359.838  5161.797  5161.792  112482.188  10.053  397053.219  87410.383 
 1.136  360.974  5164.402  5164.400  112676.992  5.859  398105.125  87660.391 
 1.139  362.113  5167.026  5167.022  112930.766  4.628  399255.062  88011.352 
 1.143  363.256  5169.669  5169.670  113239.500  5.359  400627.000  88398.273 
 1.146  364.402  5172.331  5172.331  113447.195  9.053  401642.938  88836.141 
 1.149  365.551  5175.012  5175.017  113662.859  8.710  402663.875  89148.961 
 1.153  366.703  5177.712  5177.716  113962.484  7.329  404148.781  89373.734 
 1.156  367.859  5180.431  5180.430  114176.070  8.911  405085.719  89565.469 
 1.159  369.019  5183.169  5183.169  114383.617  9.456  406103.656  89941.148 
 1.163  370.181  5185.927  5185.921  114662.125  11.963  407566.594  90221.781 
 1.166  371.348  5188.703  5188.700  114854.602  9.433  408728.500  90580.375 
 1.170  372.517  5191.499  5191.503  115185.031  10.865  410056.438  91094.914 
 1.173  373.691  5194.313  5194.310  115380.438  10.260  411131.375  91336.414 
 1.177  374.868  5197.146  5197.142  115670.797  10.618  412562.281  91580.859 
 1.181  376.048  5199.999  5199.999  115974.117  8.939  413801.219  91754.266 
 1.184  377.232  5202.871  5202.871  116307.406  10.222  415023.125  92211.617 
 1.188  378.420  5205.761  5205.757  116943.656  12.468  416321.062  92846.930 
 1.192  379.612  5208.671  5208.668  117525.867  11.676  417779.969  93429.188 
 1.195  380.807  5211.600  5211.595  117988.039  10.847  418767.906  93660.406 
 1.199  382.007  5214.547  5214.547  118320.180  10.981  420171.812  93958.578 
 1.203  383.210  5217.514  5217.515  118529.281  11.077  421576.750  94241.695 
 1.207  384.417  5220.500  5220.497  118704.344  12.136  422955.656  94444.773 
 1.211  385.628  5223.505  5223.504  118954.367  11.158  424384.562  94744.805 
 1.215  386.842  5226.529  5226.527  119163.359  8.142  425795.500  94938.781 
 1.219  388.061  5229.572  5229.576  119397.305  9.089  427168.406  95230.719 
 1.223  389.284  5232.634  5232.629  119645.219  6.998  428623.312  95486.609 
 1.227  390.511  5235.715  5235.719  119929.094  5.871  429972.219  95816.453 
 1.231  391.742  5238.816  5238.813  120195.938  7.705  431331.156  96122.250 
 1.235  392.977  5241.935  5241.934  120436.734  10.503  432735.062  96411.000 
 1.239  394.217  5245.073  5245.070  120711.500  10.263  434199.969  96679.695 
 1.244  395.460  5248.230  5248.232  121090.227  11.986  435899.875  97132.352 
 1.248  396.708  5251.407  5251.410  121350.922  14.671  437358.781  97445.961 
 1.252  397.960  5254.603  5254.604  121659.570  14.319  438697.719  97891.523 
 1.256  399.217  5257.817  5257.812  121965.188  14.930  440182.625  98268.039 
 1.261  400.478  5261.050  5261.048  122314.766  16.503  441911.531  98783.508 
 1.265  401.743  5264.303  5264.300  122575.305  18.039  443186.438  99188.930 
 1.270  403.013  5267.575  5267.578  122963.805  15.538  445111.344  99706.305 
 1.274  404.287  5270.865  5270.861  123261.273  14.999  446459.250  100182.633 
 1.279  405.565  5274.175  5274.171  123648.703  16.423  448187.156  100883.922 
 1.283  406.849  5277.504  5277.509  123990.094  16.810  449605.062  101339.156 
 1.288  408.136  5280.852  5280.851  114255.445  10.159  451360.969  93606.344 
 1.292  409.429  5284.219  5284.220  124199.766  10.471  452880.844  102007.484 
 1.297  410.726  5287.604  5287.605  124639.039  11.745  454601.750  102486.578 
 1.302  412.028  5291.010  5291.007  125057.281  9.983  456248.656  103088.633 
 1.307  413.334  5294.434  5294.437  125466.492  14.182  457905.562  103713.633 
 1.311  414.646  5297.877  5297.882  125727.656  15.345  459413.469  104196.586 
 1.316  415.962  5301.339  5301.344  126070.789  13.470  461164.375  104837.492 
 1.321  417.283  5304.820  5304.823  126427.875  14.558  462889.250  105222.359 
 1.326  418.608  5308.320  5308.317  126802.938  15.608  464702.156  105749.172 
 1.331  419.939  5311.840  5311.841  127157.953  15.621  466481.062  106147.945 
 1.336  421.275  5315.378  5315.380  127511.930  14.597  468143.938  106730.664 
 1.341  422.616  5318.936  5318.937  127867.875  16.535  470094.844  107284.336 
 1.346  423.961  5322.512  5322.510  128245.781  17.436  471663.750  107784.969 
 1.351  425.312  5326.107  5326.111  128578.648  19.300  473419.625  108301.547 
 1.356  426.668  5329.722  5329.718  128906.484  15.126  475046.531  108854.086 
 1.361  428.029  5333.355  5333.354  129247.273  12.915  476813.406  109374.570 
 1.366  429.395  5337.008  5337.006  129583.031  11.666  478549.312  109862.016 
 1.371  430.767  5340.680  5340.675  129909.750  8.381  480313.188  110555.414 
 1.377  432.143  5344.371  5344.374  130342.438  10.057  482511.094  110881.758 
 1.382  433.525  5348.081  5348.078  130648.078  9.697  484208.969  111581.062 
 1.387  434.913  5351.810  5351.811  130932.688  10.299  486173.875  111930.320 
 1.393  436.305  5355.557  5355.561  131318.250  15.864  488224.750  112404.523 
 1.398  437.703  5359.324  5359.329  131642.797  14.391  489828.656  112783.688 
 1.403  439.107  5363.110  5363.114  131917.281  13.881  491810.531  113465.805 
 1.409  440.516  5366.915  5366.917  132331.750  15.334  493875.406  113800.875 
 1.414  441.930  5370.739  5370.738  132599.156  13.749  495521.281  114339.891 
 1.420  443.350  5374.583  5374.588  133004.547  14.127  497634.188  114849.867 
 1.426  444.776  5378.445  5378.444  133378.891  14.468  499827.062  115521.797 
 1.431  446.207  5382.326  5382.330  133682.203  11.771  501534.938  116016.680 
 1.437  447.644  5386.226  5386.222  134074.469  14.037  503724.812  116446.516 
 1.443  449.086  5390.146  5390.144  134420.703  11.265  505695.719  116988.305 
 1.448  450.535  5394.084  5394.084  134691.906  10.457  507514.594  117662.047 
 1.454  451.989  5398.042  5398.042  135086.062  12.610  509532.469  118047.742 
 1.460  453.448  5402.018  5402.019  135438.188  11.727  511483.344  118607.391 
 1.466  454.914  5406.014  5406.013  135897.266  12.806  513781.219  119224.992 
 1.472  456.386  5410.028  5410.026  134453.312  12.848  515904.094  118271.547 
 1.477  457.863  5414.062  5414.058  135115.328  11.852  517612.969  119106.055 
 1.483  459.346  5418.114  5418.121  136374.297  12.819  519841.844  120535.516 
 1.489  460.836  5422.186  5422.189  136738.234  14.749  521880.719  121179.930 
 1.495  462.331  5426.277  5426.277  137059.141  14.641  523890.594  121855.297 
 1.501  463.833  5430.387  5430.383  137381.000  13.496  526072.500  122457.625 
 1.508  465.340  5434.516  5434.520  137785.828  14.314  528629.312  123247.898 
 1.514  466.854  5438.664  5438.664  138096.609  16.094  530536.188  123743.125 
 1.520  468.374  5442.831  5442.827  138382.359  17.837  532760.062  124480.305 
 1.526  469.900  5447.017  5447.021  138660.062  21.543  534750.938  125131.445 
 1.532  471.432  5451.222  5451.223  138948.750  19.211  536875.812  125488.531 
 1.539  472.971  5455.446  5455.443  139355.375  18.842  539242.688  126172.570 
 1.545  474.516  5459.689  5459.695  139640.984  13.435  541510.562  126635.570 
 1.551  476.067  5463.952  5463.955  139920.547  15.992  543437.438  127189.516 
 1.558  477.625  5468.233  5468.233  140298.062  11.510  546011.312  128115.414 
 1.564  479.189  5472.533  5472.531  140557.562  18.992  548178.125  128905.273 
 1.571  480.760  5476.853  5476.849  140957.000  20.436  550482.000  129317.078 
 1.577  482.337  5481.191  5481.187  141219.422  19.843  552642.875  129758.844 
 1.584  483.920  5485.548  5485.543  141587.797  22.212  555056.750  130515.555 
 1.590  485.510  5489.925  5489.921  141857.141  18.544  557170.625  131140.219 
 1.597  487.107  5494.321  5494.318  142198.438  16.839  559608.438  131890.844 
 1.603  488.711  5498.735  5498.735  142482.703  20.096  561739.312  132627.422 
 1.610  490.321  5503.169  5503.172  142812.922  17.316  564235.188  133158.953 
 1.617  491.938  5507.622  5507.617  143178.109  17.499  566711.062  133920.438 
 1.624  493.561  5512.093  5512.095  143521.266  19.644  569070.875  134379.859 
 1.630  495.192  5516.584  5516.580  143778.375  17.752  571173.750  135072.250 
 1.637  496.829  5521.094  5521.099  144128.453  16.822  573770.625  136127.594 
 1.644  498.473  5525.623  5525.625  144494.500  21.855  576071.500  136440.891 
 1.651  500.124  5530.171  5530.172  144835.500  18.851  578489.312  137108.141 
 1.658  501.782  5534.738  5534.740  145180.469  16.810  581141.188  137819.344 
 1.665  503.447  5539.324  5539.328  145506.391  16.731  583631.062  138576.500 
 1.672  505.119  5543.930  5543.925  145836.281  14.615  585963.875  139366.609 
 1.679  506.798  5548.554  5548.555  146219.141  20.461  588336.750  140061.672 
 1.686  508.484  5553.197  5553.193  146548.953  19.270  590916.562  140645.688 
 1.693  510.178  5557.859  5557.866  146896.734  17.042  593282.438  141379.656 
 1.700  511.878  5562.541  5562.546  147238.469  22.776  595978.312  142118.562 
 1.708  513.586  5567.241  5567.235  147632.188  16.473  598544.125  142999.438 
 1.715  515.300  5571.960  5571.958  147964.844  19.133  600887.000  143900.266 
 1.722  517.023  5576.699  5576.704  148251.484  11.755  603530.812  144293.047 
 1.729  518.752  5581.457  5581.457  148574.062  15.340  605899.688  144963.797 
 1.737  520.489  5586.233  5586.232  148960.625  15.887  608770.500  145719.484 
 1.744  522.233  5591.029  5591.028  149230.141  16.398  611347.375  146477.125 
 1.752  523.985  5595.843  5595.847  149626.625  15.870  613738.188  147307.719 
 1.759  525.744  5600.677  5600.674  149889.062  13.306  616388.062  148057.266 
 1.767  527.510  5605.530  5605.536  150227.469  11.704  619389.875  148932.766 
 1.774  529.284  5610.402  5610.408  150514.844  14.065  621762.750  149833.219 
 1.782  531.066  5615.293  5615.288  150834.172  17.388  624451.562  150374.625 
 1.789  532.855  5620.203  5620.203  151088.469  13.674  626826.438  151001.984 
 1.797  534.652  5625.132  5625.128  151443.719  10.923  629817.250  151795.297 
 1.805  536.457  5630.080  5630.075  151754.938  9.134  632531.125  152565.562 
 1.812  538.269  5635.047  5635.045  151970.125  12.308  634956.938  153310.797 
 1.820  540.089  5640.033  5640.037  152279.266  11.445  637767.750  154167.969 
 1.828  541.917  5645.038  5645.039  152525.375  13.544  640734.625  154791.094 
 1.836  543.753  5650.062  5650.062  152870.438  20.606  643457.438  155623.172 
 1.844  545.596  5655.106  5655.110  153154.469  14.631  646160.312  156520.203 
 1.851  547.448  5660.168  5660.167  153370.469  15.618  648584.125  157194.203 
 1.859  549.307  5665.250  5665.246  153632.422  14.568  651419.938  158221.141 
 1.867  551.175  5670.350  5670.349  153882.344  14.480  654256.812  158848.031 
 1.875  553.050  5675.469  5675.475  154134.234  13.355  657019.625  159445.875 
 1.883  554.933  5680.608  5680.610  154350.078  13.193  659948.438  160071.688 
 1.892  556.825  5685.766  5685.770  154720.891  12.994  663068.250  161066.438 
 1.900  558.725  5690.942  5690.939  154968.656  15.757  665973.125  161669.141 
 1.908  560.632  5696.138  5696.131  155181.391  18.482  668671.938  162667.812 
 1.916  562.548  5701.353  5701.348  155414.094  17.171  671313.750  163521.422 
 1.924  564.473  5706.586  5706.588  155619.750  18.822  674282.562  164026.984 
 1.933  566.405  5711.839  5711.838  155914.375  16.436  677357.438  164831.516 
 1.941  568.346  5717.111  5717.112  156125.953  14.012  680422.250  165422.984 
 1.949  570.295  5722.402  5722.396  156320.500  11.551  683096.062  166351.406 
 1.958  572.253  5727.712  5727.719  156583.016  8.052  686194.875  167253.797 
 1.966  574.219  5733.041  5733.038  156707.484  9.517  689064.688  167823.125 
 1.974  576.193  5738.389  5738.395  156881.922  9.943  691812.562  168440.422 
 1.983  578.176  5743.756  5743.763  157126.312  10.333  695085.375  169494.656 
 1.991  580.167  5749.143  5749.141  157226.672  11.685  697710.188  170277.859 
 2.000  582.167  5754.548  5754.544  157419.000  16.000  700992.000  170652.000 