SSRL   EXAFS Data Collector 4.0       
Wed Feb 21 14:37:15 2018              
PTS:        504 COLS:          8
lytle.det                             
TiEXAFS.rgn                           
43 unfocused  0.000 0 X 3.135500 20000                                        
5 1000 600 REP 0 0                    
20161107_CalixTi_SiO2 cTi_1                                                   
lytle                                                                         
T = 200C , He = 30 sscm                                                       
EXAFS                                                                         
                                                                              
                                                                              

Weights: 
 1.000  1.000  1.000  1.000  1.000  1.000  1.000  1.000 
Offsets: 
 0.000  0.000  0.000  0.000  1013.000  1014.000  21.000  1267.000 
Data: 
Real time clock   
Total time        
Requested Energy  
Achieved Energy   
I0                
I1                
I2                
Lytle             

 1.000  1.000  4730.000  4730.002  108774.000  17.000  200650.000  20547.000 
 1.000  2.000  4740.500  4740.498  108503.000  17.000  200444.000  20828.000 
 1.000  3.000  4751.000  4750.999  108287.000  18.000  200523.000  21118.000 
 1.000  4.000  4761.500  4761.497  108073.000  15.000  200557.000  21440.000 
 1.000  5.000  4772.000  4772.000  107826.000  16.000  200454.000  21746.000 
 1.000  6.000  4782.500  4782.500  107608.000  16.000  200474.000  22069.000 
 1.000  7.000  4793.000  4792.996  107382.000  15.000  200450.000  22353.000 
 1.000  8.000  4803.500  4803.496  107138.000  16.000  200464.000  22678.000 
 1.000  9.000  4814.000  4814.000  106905.000  18.000  200420.000  22987.000 
 1.000  10.000  4824.500  4824.499  106670.000  18.000  200537.000  23273.000 
 1.000  11.000  4835.000  4835.001  106431.000  17.000  200581.000  23606.000 
 1.000  12.000  4845.500  4845.497  106200.000  16.000  200544.000  23941.000 
 1.000  13.000  4856.000  4855.996  105978.000  15.000  200531.000  24276.000 
 1.000  14.000  4866.500  4866.497  105739.000  15.000  200546.000  24600.000 
 1.000  15.000  4877.000  4877.000  105501.000  16.000  200567.000  24929.000 
 1.000  16.000  4887.500  4887.504  105239.000  15.000  200543.000  25231.000 
 1.000  17.000  4898.000  4898.000  105028.000  13.000  200436.000  25585.000 
 1.000  18.000  4908.500  4908.498  104758.000  14.000  200529.000  25904.000 
 1.000  19.000  4919.000  4918.996  104537.000  12.000  200498.000  26257.000 
 1.000  20.000  4929.500  4929.504  104305.000  14.000  200582.000  26583.000 
 1.000  21.000  4940.000  4940.002  104050.000  12.000  200581.000  26973.000 
 1.000  22.000  4940.500  4940.496  104051.000  12.000  200469.000  26988.000 
 1.000  23.000  4941.000  4941.000  104024.000  17.000  200636.000  27003.000 
 1.000  24.000  4941.500  4941.503  104025.000  18.000  200469.000  27025.000 
 1.000  25.000  4942.000  4941.997  103993.000  16.000  200503.000  27048.000 
 1.000  26.000  4942.500  4942.501  103979.000  17.000  200483.000  27054.000 
 1.000  27.000  4943.000  4943.005  103954.000  13.000  200459.000  27104.000 
 1.000  28.000  4943.500  4943.499  103945.000  13.000  200400.000  27109.000 
 1.000  29.000  4944.000  4944.003  103927.000  14.000  200568.000  27090.000 
 1.000  30.000  4944.500  4944.498  103918.000  16.000  200547.000  27142.000 
 1.000  31.000  4945.000  4945.002  103897.000  15.000  200519.000  27152.000 
 1.000  32.000  4945.500  4945.497  103848.000  15.000  200475.000  27181.000 
 1.000  33.000  4946.000  4946.002  103839.000  15.000  200452.000  27199.000 
 1.000  34.000  4946.500  4946.497  103826.000  14.000  200493.000  27250.000 
 1.000  35.000  4947.000  4947.001  103803.000  12.000  200631.000  27225.000 
 1.000  36.000  4947.500  4947.497  103792.000  12.000  200527.000  27240.000 
 1.000  37.000  4948.000  4948.002  103782.000  12.000  200610.000  27259.000 
 1.000  38.000  4948.500  4948.498  103767.000  12.000  200549.000  27309.000 
 1.000  39.000  4949.000  4949.003  103742.000  13.000  200552.000  27303.000 
 1.000  40.000  4949.500  4949.499  103731.000  12.000  200517.000  27303.000 
 1.000  41.000  4950.000  4950.004  103704.000  12.000  200548.000  27321.000 
 1.000  42.000  4950.500  4950.500  103704.000  13.000  200407.000  27337.000 
 1.000  43.000  4951.000  4950.996  103688.000  13.000  200463.000  27368.000 
 1.000  44.000  4951.500  4951.501  103671.000  13.000  200610.000  27405.000 
 1.000  45.000  4952.000  4951.998  103637.000  13.000  200409.000  27408.000 
 1.000  46.000  4952.500  4952.504  103633.000  12.000  200483.000  27422.000 
 1.000  47.000  4953.000  4953.000  103614.000  13.000  200533.000  27475.000 
 1.000  48.000  4953.500  4953.497  103593.000  13.000  200468.000  27487.000 
 1.000  49.000  4954.000  4954.003  103562.000  14.000  200491.000  27505.000 
 1.000  50.000  4954.500  4954.500  103556.000  14.000  200660.000  27525.000 
 1.000  51.000  4955.000  4954.997  103539.000  13.000  200577.000  27552.000 
 1.000  52.000  4955.500  4955.503  103517.000  15.000  200394.000  27575.000 
 1.000  53.000  4956.000  4956.000  103497.000  16.000  200555.000  27599.000 
 1.000  54.000  4956.500  4956.498  103492.000  15.000  200549.000  27616.000 
 1.000  55.000  4957.000  4957.005  103459.000  13.000  200543.000  27671.000 
 1.000  56.000  4957.500  4957.502  103452.000  13.000  200594.000  27668.000 
 1.000  57.000  4958.000  4958.000  103438.000  12.000  200525.000  27713.000 
 1.000  58.000  4958.500  4958.497  103401.000  13.000  200473.000  27753.000 
 1.000  59.000  4959.000  4959.005  103393.000  13.000  200498.000  27760.000 
 1.000  60.000  4959.500  4959.502  103363.000  17.000  200455.000  27778.000 
 1.000  61.000  4960.000  4960.000  103353.000  16.000  200423.000  27825.000 
 1.000  62.000  4960.500  4960.499  103338.000  16.000  200541.000  27889.000 
 1.000  63.000  4961.000  4960.997  103318.000  20.000  200493.000  27890.000 
 1.000  64.000  4961.500  4961.505  103290.000  20.000  200588.000  27923.000 
 1.000  65.000  4962.000  4962.003  103288.000  15.000  200455.000  27966.000 
 1.000  66.000  4962.500  4962.501  103248.000  14.000  200409.000  28035.000 
 1.000  67.000  4963.000  4963.000  103238.000  14.000  200463.000  28077.000 
 1.000  68.000  4963.500  4963.499  103228.000  14.000  200613.000  28135.000 
 1.000  69.000  4964.000  4963.998  103214.000  12.000  200495.000  28206.000 
 1.000  70.000  4964.500  4964.496  103189.000  12.000  200554.000  28318.000 
 1.000  71.000  4965.000  4964.995  103171.000  12.000  200528.000  28433.000 
 1.000  72.000  4965.100  4965.095  103157.000  13.000  200607.000  28439.000 
 1.000  73.000  4965.200  4965.205  103161.000  12.000  200594.000  28483.000 
 1.000  74.000  4965.300  4965.305  103164.000  12.000  200595.000  28496.000 
 1.000  75.000  4965.400  4965.404  103155.000  12.000  200504.000  28533.000 
 1.000  76.000  4965.500  4965.504  103137.000  12.000  200557.000  28569.000 
 1.000  77.000  4965.600  4965.604  103123.000  13.000  200460.000  28608.000 
 1.000  78.000  4965.700  4965.704  103128.000  12.000  200420.000  28634.000 
 1.000  79.000  4965.800  4965.804  103113.000  12.000  200453.000  28681.000 
 1.000  80.000  4965.900  4965.904  103093.000  11.000  200459.000  28704.000 
 1.000  81.000  4966.000  4966.003  103099.000  12.000  200486.000  28750.000 
 1.000  82.000  4966.100  4966.104  103093.000  12.000  200533.000  28806.000 
 1.000  83.000  4966.200  4966.203  103084.000  13.000  200612.000  28833.000 
 1.000  84.000  4966.300  4966.303  103066.000  12.000  200583.000  28874.000 
 1.000  85.000  4966.400  4966.403  103061.000  13.000  200549.000  28912.000 
 1.000  86.000  4966.500  4966.503  103065.000  13.000  200555.000  28989.000 
 1.000  87.000  4966.600  4966.603  103047.000  14.000  200633.000  29038.000 
 1.000  88.000  4966.700  4966.703  103022.000  13.000  200423.000  29119.000 
 1.000  89.000  4966.800  4966.802  103031.000  14.000  200465.000  29184.000 
 1.000  90.000  4966.900  4966.902  103014.000  14.000  200447.000  29256.000 
 1.000  91.000  4967.000  4967.002  103030.000  13.000  200491.000  29328.000 
 1.000  92.000  4967.100  4967.102  103017.000  12.000  200392.000  29414.000 
 1.000  93.000  4967.200  4967.202  103016.000  13.000  200494.000  29545.000 
 1.000  94.000  4967.300  4967.302  103000.000  13.000  200470.000  29661.000 
 1.000  95.000  4967.400  4967.402  102985.000  13.000  200552.000  29784.000 
 1.000  96.000  4967.500  4967.502  102990.000  12.000  200434.000  29953.000 
 1.000  97.000  4967.600  4967.602  102969.000  13.000  200426.000  30121.000 
 1.000  98.000  4967.700  4967.702  102970.000  15.000  200453.000  30389.000 
 1.000  99.000  4967.800  4967.802  102973.000  15.000  200498.000  30650.000 
 1.000  100.000  4967.900  4967.901  102952.000  15.000  200472.000  30966.000 
 1.000  101.000  4968.000  4968.001  102944.000  16.000  200383.000  31336.000 
 1.000  102.000  4968.100  4968.102  102944.000  16.000  200427.000  31764.000 
 1.000  103.000  4968.200  4968.201  102945.000  14.000  200543.000  32265.000 
 1.000  104.000  4968.300  4968.301  102913.000  15.000  200402.000  32862.000 
 1.000  105.000  4968.400  4968.401  102921.000  15.000  200520.000  33534.000 
 1.000  106.000  4968.500  4968.501  102920.000  16.000  200568.000  34343.000 
 1.000  107.000  4968.600  4968.601  102886.000  16.000  200508.000  35212.000 
 1.000  108.000  4968.700  4968.701  102882.000  15.000  200555.000  36203.000 
 1.000  109.000  4968.800  4968.801  102881.000  16.000  200532.000  37289.000 
 1.000  110.000  4968.900  4968.901  102880.000  20.000  200557.000  38530.000 
 1.000  111.000  4969.000  4969.001  102883.000  19.000  200402.000  39866.000 
 1.000  112.000  4969.100  4969.101  102861.000  19.000  200498.000  41389.000 
 1.000  113.000  4969.200  4969.201  102858.000  20.000  200537.000  43033.000 
 1.000  114.000  4969.300  4969.301  102853.000  19.000  200551.000  44849.000 
 1.000  115.000  4969.400  4969.401  102845.000  20.000  200501.000  46658.000 
 1.000  116.000  4969.500  4969.501  102832.000  19.000  200476.000  48410.000 
 1.000  117.000  4969.600  4969.601  102804.000  17.000  200499.000  50000.000 
 1.000  118.000  4969.700  4969.701  102810.000  18.000  200542.000  51396.000 
 1.000  119.000  4969.800  4969.801  102803.000  16.000  200503.000  52424.000 
 1.000  120.000  4969.900  4969.901  102796.000  16.000  200664.000  52979.000 
 1.000  121.000  4970.000  4970.001  102796.000  16.000  200545.000  53187.000 
 1.000  122.000  4970.100  4970.101  102803.000  16.000  200555.000  52900.000 
 1.000  123.000  4970.200  4970.201  102770.000  16.000  200540.000  52227.000 
 1.000  124.000  4970.300  4970.301  102773.000  15.000  200502.000  51185.000 
 1.000  125.000  4970.400  4970.401  102764.000  15.000  200597.000  49923.000 
 1.000  126.000  4970.500  4970.501  102746.000  16.000  200526.000  48503.000 
 1.000  127.000  4970.600  4970.602  102730.000  17.000  200606.000  46996.000 
 1.000  128.000  4970.700  4970.702  102716.000  17.000  200597.000  45455.000 
 1.000  129.000  4970.800  4970.801  102721.000  16.000  200457.000  43944.000 
 1.000  130.000  4970.900  4970.901  102708.000  16.000  200639.000  42501.000 
 1.000  131.000  4971.000  4971.001  102715.000  17.000  200519.000  41167.000 
 1.000  132.000  4971.100  4971.102  102704.000  16.000  200465.000  39959.000 
 1.000  133.000  4971.200  4971.202  102698.000  14.000  200469.000  38914.000 
 1.000  134.000  4971.300  4971.302  102679.000  15.000  200516.000  37932.000 
 1.000  135.000  4971.400  4971.402  102679.000  16.000  200580.000  37152.000 
 1.000  136.000  4971.500  4971.502  102674.000  16.000  200505.000  36425.000 
 1.000  137.000  4971.600  4971.602  102665.000  15.000  200462.000  35855.000 
 1.000  138.000  4971.700  4971.702  102652.000  15.000  200503.000  35366.000 
 1.000  139.000  4971.800  4971.802  102653.000  15.000  200490.000  34961.000 
 1.000  140.000  4971.900  4971.902  102652.000  12.000  200481.000  34632.000 
 1.000  141.000  4972.000  4972.002  102640.000  13.000  200477.000  34388.000 
 1.000  142.000  4972.100  4972.103  102634.000  13.000  200498.000  34139.000 
 1.000  143.000  4972.200  4972.203  102628.000  14.000  200557.000  33976.000 
 1.000  144.000  4972.300  4972.303  102631.000  11.000  200506.000  33835.000 
 1.000  145.000  4972.400  4972.403  102610.000  12.000  200560.000  33721.000 
 1.000  146.000  4972.500  4972.503  102774.000  11.000  200572.000  33705.000 
 1.000  147.000  4972.600  4972.604  102978.000  13.000  200477.000  33664.000 
 1.000  148.000  4972.700  4972.704  103196.000  14.000  200413.000  33717.000 
 1.000  149.000  4972.800  4972.804  103378.000  15.000  200535.000  33722.000 
 1.000  150.000  4972.900  4972.904  103530.000  14.000  200550.000  33764.000 
 1.000  151.000  4973.000  4973.004  103685.000  15.000  200553.000  33825.000 
 1.000  152.000  4973.100  4973.104  103800.000  14.000  200489.000  33876.000 
 1.000  153.000  4973.200  4973.204  103925.000  14.000  200440.000  33963.000 
 1.000  154.000  4973.300  4973.305  104047.000  13.000  200473.000  34003.000 
 1.000  155.000  4973.400  4973.405  104169.000  13.000  200476.000  34081.000 
 1.000  156.000  4973.500  4973.505  104162.000  14.000  200551.000  34109.000 
 1.000  157.000  4973.600  4973.605  104030.000  16.000  200534.000  34145.000 
 1.000  158.000  4973.700  4973.695  103903.000  18.000  200480.000  34168.000 
 1.000  159.000  4973.800  4973.795  103799.000  18.000  200425.000  34170.000 
 1.000  160.000  4973.900  4973.896  103724.000  17.000  200510.000  34235.000 
 1.000  161.000  4974.000  4973.996  103639.000  17.000  200523.000  34336.000 
 1.000  162.000  4974.100  4974.096  103567.000  18.000  200502.000  34394.000 
 1.000  163.000  4974.200  4974.196  103520.000  18.000  200560.000  34505.000 
 1.000  164.000  4974.300  4974.296  103480.000  18.000  200409.000  34594.000 
 1.000  165.000  4974.400  4974.396  103465.000  21.000  200581.000  34710.000 
 1.000  166.000  4974.500  4974.497  103424.000  21.000  200566.000  34832.000 
 1.000  167.000  4974.600  4974.597  103407.000  22.000  200519.000  34989.000 
 1.000  168.000  4974.700  4974.697  103390.000  21.000  200465.000  35131.000 
 1.000  169.000  4974.800  4974.797  103380.000  21.000  200436.000  35349.000 
 1.000  170.000  4974.900  4974.898  103345.000  21.000  200508.000  35512.000 
 1.000  171.000  4975.000  4974.998  103349.000  21.000  200512.000  35710.000 
 1.000  172.000  4975.350  4975.349  103356.000  22.000  200525.000  36526.000 
 1.000  173.000  4975.700  4975.700  103357.000  23.000  200510.000  37544.000 
 1.000  174.000  4976.050  4976.051  103324.000  21.000  200654.000  38705.000 
 1.000  175.000  4976.400  4976.402  103331.000  23.000  200534.000  40045.000 
 1.000  176.000  4976.750  4976.753  103326.000  23.000  200553.000  41515.000 
 1.000  177.000  4977.100  4977.104  103336.000  23.000  200537.000  43087.000 
 1.000  178.000  4977.450  4977.445  103305.000  23.000  200489.000  44688.000 
 1.000  179.000  4977.800  4977.797  103328.000  20.000  200622.000  46346.000 
 1.000  180.000  4978.150  4978.148  103322.000  15.000  200529.000  47928.000 
 1.000  181.000  4978.500  4978.500  103319.000  16.000  200453.000  49497.000 
 1.000  182.000  4978.850  4978.851  103294.000  18.000  200551.000  51050.000 
 1.000  183.000  4979.200  4979.202  103303.000  19.000  200463.000  52590.000 
 1.000  184.000  4979.550  4979.554  103300.000  19.000  200464.000  54166.000 
 1.000  185.000  4979.900  4979.896  103307.000  17.000  200469.000  55796.000 
 1.000  186.000  4980.250  4980.247  103295.000  16.000  200467.000  57542.000 
 1.000  187.000  4980.600  4980.599  103278.000  17.000  200421.000  59292.000 
 1.000  188.000  4980.950  4980.951  103284.000  17.000  200493.000  61251.000 
 1.000  189.000  4981.300  4981.302  103294.000  17.000  200524.000  63198.000 
 1.000  190.000  4981.650  4981.654  103296.000  17.000  200526.000  65321.000 
 1.000  191.000  4982.000  4981.996  103282.000  16.000  200590.000  67490.000 
 1.000  192.000  4982.350  4982.348  103293.000  16.000  200579.000  69862.000 
 1.000  193.000  4982.700  4982.700  103295.000  17.000  200583.000  72353.000 
 1.000  194.000  4983.050  4983.052  103280.000  15.000  200660.000  74836.000 
 1.000  195.000  4983.400  4983.404  103280.000  16.000  200495.000  77336.000 
 1.000  196.000  4983.750  4983.747  103272.000  16.000  200479.000  79670.000 
 1.000  197.000  4984.100  4984.099  103292.000  15.000  200486.000  81862.000 
 1.000  198.000  4984.450  4984.451  103282.000  16.000  200458.000  83910.000 
 1.000  199.000  4984.800  4984.803  103296.000  16.000  200593.000  85646.000 
 1.000  200.000  4985.150  4985.146  103284.000  16.000  200521.000  87182.000 
 1.000  201.000  4985.500  4985.498  103286.000  16.000  200563.000  88614.000 
 1.000  202.000  4985.850  4985.851  103299.000  16.000  200368.000  89732.000 
 1.000  203.000  4986.200  4986.203  103296.000  17.000  200603.000  90744.000 
 1.000  204.000  4986.550  4986.546  103294.000  17.000  200543.000  91568.000 
 1.000  205.000  4986.900  4986.898  103284.000  17.000  200582.000  92294.000 
 1.000  206.000  4987.250  4987.251  103303.000  15.000  200552.000  92953.000 
 1.000  207.000  4987.600  4987.604  103301.000  16.000  200604.000  93424.000 
 1.000  208.000  4987.950  4987.947  103296.000  17.000  200602.000  93806.000 
 1.000  209.000  4988.300  4988.300  103318.000  16.000  200542.000  94200.000 
 1.000  210.000  4988.650  4988.653  103313.000  17.000  200493.000  94494.000 
 1.000  211.000  4989.000  4988.996  103311.000  17.000  200533.000  94773.000 
 1.000  212.000  4989.350  4989.349  103300.000  17.000  200493.000  95053.000 
 1.000  213.000  4989.700  4989.702  103307.000  19.000  200535.000  95326.000 
 1.000  214.000  4990.050  4990.055  103300.000  17.000  200465.000  95611.000 
 1.000  215.000  4990.400  4990.398  103300.000  15.000  200414.000  95856.000 
 1.000  216.000  4990.750  4990.751  103304.000  16.000  200587.000  96099.000 
 1.000  217.000  4991.100  4991.104  103298.000  16.000  200562.000  96345.000 
 1.000  218.000  4991.450  4991.448  103276.000  16.000  200604.000  96604.000 
 1.000  219.000  4991.800  4991.801  103271.000  18.000  200554.000  96845.000 
 1.000  220.000  4992.150  4992.155  103284.000  21.000  200598.000  97057.000 
 1.000  221.000  4992.500  4992.498  103299.000  17.000  200544.000  97228.000 
 1.000  222.000  4992.850  4992.852  103268.000  17.000  200548.000  97421.000 
 1.000  223.000  4993.200  4993.195  103256.000  16.000  200512.000  97654.000 
 1.000  224.000  4993.550  4993.549  103265.000  16.000  200453.000  97825.000 
 1.000  225.000  4993.900  4993.903  103251.000  16.000  200538.000  98052.000 
 1.000  226.000  4994.250  4994.247  103254.000  17.000  200548.000  98167.000 
 1.000  227.000  4994.600  4994.601  103252.000  17.000  200607.000  98279.000 
 1.000  228.000  4994.950  4994.955  103241.000  16.000  200374.000  98487.000 
 1.000  229.000  4995.300  4995.298  103248.000  16.000  200453.000  98582.000 
 1.000  230.000  4995.650  4995.652  103242.000  17.000  200484.000  98723.000 
 1.000  231.000  4996.000  4995.996  103236.000  16.000  200559.000  98874.000 
 1.000  232.000  4996.350  4996.351  103243.000  17.000  200568.000  98913.000 
 1.000  233.000  4996.700  4996.705  103236.000  16.000  200443.000  99060.000 
 1.000  234.000  4997.050  4997.049  103245.000  17.000  200454.000  99244.000 
 1.000  235.000  4997.400  4997.403  103255.000  17.000  200457.000  99325.000 
 1.000  236.000  4997.750  4997.747  103235.000  17.000  200485.000  99490.000 
 1.000  237.000  4998.100  4998.102  103214.000  16.000  200535.000  99542.000 
 1.000  238.000  4998.450  4998.446  103244.000  16.000  200484.000  99608.000 
 1.000  239.000  4998.800  4998.801  103225.000  15.000  200451.000  99720.000 
 1.000  240.000  4999.150  4999.145  103211.000  15.000  200492.000  99850.000 
 1.000  241.000  4999.500  4999.500  103202.000  15.000  200483.000  99900.000 
 1.000  242.000  4999.850  4999.854  103204.000  14.000  200457.000  100009.000 
 1.000  243.000  5000.200  5000.199  103205.000  15.000  200511.000  100029.000 
 1.000  244.000  5000.550  5000.554  103200.000  14.000  200441.000  100146.000 
 1.000  245.000  5000.900  5000.898  103201.000  13.000  200556.000  100127.000 
 1.000  246.000  5001.250  5001.253  103196.000  12.000  200609.000  100207.000 
 1.000  247.000  5001.600  5001.598  103183.000  14.000  200497.000  100282.000 
 1.000  248.000  5001.950  5001.953  103161.000  14.000  200609.000  100217.000 
 1.000  249.000  5002.300  5002.298  103157.000  14.000  200605.000  100255.000 
 1.000  250.000  5002.650  5002.653  103169.000  14.000  200541.000  100196.000 
 1.000  251.000  5003.000  5002.998  103158.000  14.000  200632.000  100201.000 
 1.000  252.000  5003.350  5003.354  103168.000  13.000  200488.000  100198.000 
 1.000  253.000  5003.700  5003.699  103153.000  14.000  200518.000  100070.000 
 1.000  254.000  5004.050  5004.054  103141.000  14.000  200529.000  100029.000 
 1.000  255.000  5004.400  5004.399  103147.000  15.000  200492.000  99937.000 
 1.000  256.000  5004.750  5004.754  103131.000  15.000  200509.000  99820.000 
 1.000  257.000  5005.100  5005.100  103126.000  15.000  200538.000  99733.000 
 1.000  258.000  5005.450  5005.445  103117.000  16.000  200465.000  99581.000 
 1.000  259.000  5005.800  5005.801  103108.000  15.000  200551.000  99290.000 
 1.000  260.000  5006.150  5006.146  103077.000  19.000  200498.000  99131.000 
 1.000  261.000  5006.500  5006.502  103078.000  15.000  200552.000  98951.000 
 1.000  262.000  5006.850  5006.848  103081.000  14.000  200625.000  98670.000 
 1.000  263.000  5007.200  5007.204  103049.000  15.000  200471.000  98430.000 
 1.000  264.000  5007.550  5007.549  103055.000  15.000  200533.000  98153.000 
 1.000  265.000  5007.900  5007.895  103065.000  15.000  200538.000  97920.000 
 1.000  266.000  5008.250  5008.251  103060.000  14.000  200507.000  97690.000 
 1.000  267.000  5008.600  5008.597  103035.000  15.000  200518.000  97515.000 
 1.000  268.000  5008.950  5008.953  103032.000  15.000  200603.000  97331.000 
 1.000  269.000  5009.300  5009.299  103030.000  15.000  200577.000  97162.000 
 1.000  270.000  5009.650  5009.645  103017.000  15.000  200505.000  97029.000 
 1.000  271.000  5010.008  5010.011  103013.000  14.000  200450.000  96805.000 
 1.000  272.000  5010.994  5010.989  102968.984  14.981  200429.000  95952.977 
 1.000  273.000  5011.999  5011.998  102954.922  14.925  200460.000  94617.906 
 1.000  274.000  5013.022  5013.027  102932.836  16.832  200529.000  93367.789 
 1.000  275.001  5014.065  5014.066  102890.703  15.701  200534.000  92310.625 
 1.000  276.001  5015.127  5015.127  102861.531  15.533  200450.984  91471.414 
 1.001  277.002  5016.208  5016.209  102940.328  16.328  200576.984  90790.156 
 1.001  278.003  5017.308  5017.312  102899.086  15.085  200571.984  90245.859 
 1.001  279.004  5018.427  5018.425  102878.805  13.805  200714.969  89767.508 
 1.001  280.005  5019.565  5019.570  102857.492  14.487  200687.969  89220.109 
 1.002  281.007  5020.722  5020.725  102914.133  16.132  200948.969  88581.664 
 1.002  282.009  5021.898  5021.901  102895.742  15.740  200972.953  87665.180 
 1.003  283.012  5023.093  5023.089  102971.312  17.310  201240.938  86993.641 
 1.003  284.015  5024.308  5024.308  102943.844  17.843  201162.938  86334.055 
 1.004  285.019  5025.541  5025.537  102999.344  17.339  201418.922  85814.422 
 1.004  286.023  5026.793  5026.798  102966.805  16.797  201302.906  85341.750 
 1.005  287.028  5028.064  5028.060  103047.227  16.218  201497.906  85022.023 
 1.005  288.033  5029.355  5029.353  103011.609  15.602  201516.891  84666.258 
 1.006  289.039  5030.665  5030.667  103095.953  16.948  201810.875  84560.438 
 1.007  290.046  5031.993  5031.993  103162.266  16.257  202027.859  84463.578 
 1.007  291.053  5033.341  5033.339  103134.539  15.529  201968.844  84471.664 
 1.008  292.061  5034.708  5034.708  103207.773  16.763  202155.828  84548.711 
 1.009  293.070  5036.093  5036.097  103216.969  17.960  202334.812  84736.703 
 1.010  294.080  5037.498  5037.498  103327.133  16.119  202547.797  85130.656 
 1.011  295.090  5038.921  5038.919  103402.250  19.242  202757.781  85501.555 
 1.012  296.102  5040.364  5040.363  103439.336  16.326  202735.766  85949.414 
 1.012  297.114  5041.826  5041.829  103413.383  14.374  202887.734  86263.227 
 1.013  298.128  5043.307  5043.305  103466.398  14.384  203130.719  86723.984 
 1.014  299.142  5044.807  5044.803  103523.367  15.357  203466.703  87205.703 
 1.015  300.158  5046.326  5046.323  103572.305  15.292  203554.672  87789.375 
 1.017  301.174  5047.864  5047.864  103774.203  17.190  203918.656  88422.992 
 1.018  302.192  5049.421  5049.417  103823.070  18.051  204246.625  88935.570 
 1.019  303.211  5050.998  5051.001  103887.891  17.874  204355.609  89531.102 
 1.020  304.231  5052.593  5052.598  103936.680  17.660  204524.578  90046.586 
 1.021  305.252  5054.208  5054.206  104000.430  16.408  204697.547  90649.023 
 1.023  306.275  5055.841  5055.846  104163.141  16.120  205241.531  91374.414 
 1.024  307.299  5057.493  5057.498  104216.820  14.794  205331.500  91913.750 
 1.025  308.324  5059.165  5059.161  104276.453  14.430  205436.469  92441.047 
 1.027  309.350  5060.855  5060.856  104464.055  16.029  205828.438  93011.297 
 1.028  310.378  5062.564  5062.563  104487.617  15.591  206107.406  93487.500 
 1.029  311.408  5064.293  5064.293  104562.148  15.115  206175.375  93911.656 
 1.031  312.439  5066.041  5066.044  104703.633  16.603  206737.344  94438.766 
 1.032  313.471  5067.808  5067.808  104756.086  15.052  207007.312  94762.828 
 1.034  314.505  5069.593  5069.593  104898.500  14.465  207389.281  95143.852 
 1.036  315.541  5071.398  5071.401  105069.875  15.840  207739.250  95396.820 
 1.037  316.578  5073.222  5073.221  105110.211  16.177  207942.219  95591.742 
 1.039  317.617  5075.065  5075.063  105235.516  15.478  208363.188  95792.617 
 1.041  318.658  5076.927  5076.927  105375.781  14.741  208727.141  95979.445 
 1.042  319.700  5078.808  5078.804  105462.008  12.966  209014.109  95995.227 
 1.044  320.745  5080.708  5080.703  105603.195  15.155  209275.078  96101.969 
 1.046  321.791  5082.627  5082.625  105734.352  17.305  209803.031  96146.656 
 1.048  322.839  5084.565  5084.568  105888.469  16.419  210181.000  96264.297 
 1.050  323.888  5086.522  5086.524  106045.547  16.495  210696.953  96216.891 
 1.052  324.940  5088.499  5088.503  106196.586  17.534  210953.906  96279.445 
 1.054  325.994  5090.494  5090.495  106333.586  18.535  211454.875  96223.945 
 1.056  327.050  5092.508  5092.509  106454.555  16.500  211785.828  96145.406 
 1.058  328.107  5094.542  5094.545  106590.484  16.426  212203.781  96114.812 
 1.060  329.167  5096.594  5096.595  106739.375  17.316  212581.750  96050.172 
 1.062  330.229  5098.666  5098.667  106888.227  18.168  213051.703  96009.492 
 1.064  331.293  5100.756  5100.751  107014.047  16.983  213393.656  95984.758 
 1.066  332.360  5102.866  5102.870  107171.828  13.760  213761.609  95923.984 
 1.069  333.428  5104.994  5104.990  107417.570  14.500  214429.562  95943.156 
 1.071  334.499  5107.142  5107.144  107528.273  14.202  214704.516  95942.289 
 1.073  335.572  5109.309  5109.310  107680.938  14.868  215123.469  95921.375 
 1.075  336.647  5111.495  5111.500  107814.570  16.496  215496.422  95969.406 
 1.078  337.725  5113.699  5113.702  108052.164  20.086  216001.359  96116.398 
 1.080  338.806  5115.923  5115.928  108181.719  16.639  216456.312  96255.336 
 1.083  339.888  5118.166  5118.167  108436.234  16.155  217130.266  96437.234 
 1.085  340.973  5120.428  5120.428  108559.719  14.634  217610.219  96605.086 
 1.088  342.061  5122.709  5122.714  108768.164  15.075  218148.156  96785.891 
 1.090  343.151  5125.009  5125.012  108908.570  16.479  218613.109  97027.641 
 1.093  344.244  5127.329  5127.324  109124.938  13.845  219280.047  97321.352 
 1.095  345.340  5129.667  5129.670  109251.273  13.174  219592.000  97597.016 
 1.098  346.438  5132.024  5132.029  109495.562  12.466  220170.938  97930.633 
 1.101  347.539  5134.400  5134.401  109728.820  14.720  220835.875  98271.203 
 1.104  348.642  5136.795  5136.796  109936.039  14.937  221365.828  98639.727 
 1.106  349.749  5139.210  5139.206  110072.227  16.117  221851.766  99000.203 
 1.109  350.858  5141.644  5141.639  110286.367  15.259  222434.703  99377.625 
 1.112  351.970  5144.096  5144.096  110501.477  16.364  223003.641  99795.008 
 1.115  353.085  5146.567  5146.566  110712.547  16.432  223513.578  100321.344 
 1.118  354.203  5149.058  5149.061  110953.578  16.462  224170.531  100756.633 
 1.121  355.324  5151.568  5151.569  111180.578  18.455  224848.469  101188.883 
 1.124  356.448  5154.097  5154.102  111387.531  14.410  225396.406  101585.078 
 1.127  357.574  5156.644  5156.648  111616.453  17.329  225894.328  102040.227 
 1.130  358.704  5159.211  5159.208  111839.336  19.209  226695.266  102493.328 
 1.133  359.838  5161.797  5161.792  112045.188  16.053  227187.203  102883.383 
 1.136  360.974  5164.402  5164.400  112258.992  14.859  227739.141  103254.391 
 1.139  362.113  5167.026  5167.022  112461.766  14.628  228503.078  103612.352 
 1.143  363.256  5169.669  5169.670  112778.500  17.359  229194.000  104055.273 
 1.146  364.402  5172.331  5172.331  112971.195  18.053  229675.938  104429.141 
 1.149  365.551  5175.012  5175.017  113191.859  17.710  230425.859  104717.961 
 1.153  366.703  5177.712  5177.716  113499.484  16.329  231224.797  105204.734 
 1.156  367.859  5180.431  5180.430  113710.070  16.911  231758.719  105486.469 
 1.159  369.019  5183.169  5183.169  113898.617  18.456  232381.656  105810.148 
 1.163  370.181  5185.927  5185.921  114176.125  16.963  233220.578  106122.781 
 1.166  371.348  5188.703  5188.700  114414.602  15.433  233840.516  106461.375 
 1.170  372.517  5191.499  5191.503  114697.031  15.865  234590.438  106755.914 
 1.173  373.691  5194.313  5194.310  114914.438  17.260  235263.359  107039.414 
 1.177  374.868  5197.146  5197.142  115205.797  15.618  236028.281  107422.859 
 1.181  376.048  5199.999  5199.999  115510.117  15.939  236817.203  107824.266 
 1.184  377.232  5202.871  5202.871  115695.406  17.222  237438.125  108046.617 
 1.188  378.420  5205.761  5205.757  116000.656  17.468  238197.047  108421.930 
 1.192  379.612  5208.671  5208.668  116301.867  17.676  239129.969  108782.188 
 1.195  380.807  5211.600  5211.595  116512.039  16.847  239488.891  109168.406 
 1.199  382.007  5214.547  5214.547  116787.180  19.981  240480.812  109463.578 
 1.203  383.210  5217.514  5217.515  117089.281  15.077  241232.734  109856.695 
 1.207  384.417  5220.500  5220.497  117372.344  14.136  241962.656  110188.773 
 1.211  385.628  5223.505  5223.504  117662.367  15.158  242711.578  110570.805 
 1.215  386.842  5226.529  5226.527  117964.359  16.142  243619.484  110916.781 
 1.219  388.061  5229.572  5229.576  118246.305  17.089  244409.406  111259.719 
 1.223  389.284  5232.634  5232.629  118533.219  17.998  245273.312  111670.609 
 1.227  390.511  5235.715  5235.719  118827.094  15.871  246043.234  112010.453 
 1.231  391.742  5238.816  5238.813  119121.938  15.705  246823.141  112351.250 
 1.235  392.977  5241.935  5241.934  119391.734  15.503  247663.062  112758.000 
 1.239  394.217  5245.073  5245.070  119692.500  16.263  248377.969  113154.695 
 1.244  395.460  5248.230  5248.232  120057.227  16.986  249438.891  113710.352 
 1.248  396.708  5251.407  5251.410  120338.922  16.671  250270.797  114212.961 
 1.252  397.960  5254.603  5254.604  120632.570  18.319  250954.703  114630.523 
 1.256  399.217  5257.817  5257.812  120927.188  18.930  251835.609  115087.039 
 1.261  400.478  5261.050  5261.048  121284.766  15.503  252904.516  115645.508 
 1.265  401.743  5264.303  5264.300  121551.305  14.039  253719.438  116110.930 
 1.270  403.013  5267.575  5267.578  121918.805  13.538  254638.344  116734.305 
 1.274  404.287  5270.865  5270.861  122249.273  17.999  255429.250  117246.633 
 1.279  405.565  5274.175  5274.171  122616.703  17.423  256574.141  117814.922 
 1.283  406.849  5277.504  5277.509  122951.094  14.810  257270.047  118364.156 
 1.288  408.136  5280.852  5280.851  113112.445  15.159  258261.953  109190.344 
 1.292  409.429  5284.219  5284.220  123159.766  16.471  259239.859  119127.484 
 1.297  410.726  5287.604  5287.605  123625.039  17.745  260083.766  119901.578 
 1.302  412.028  5291.010  5291.007  124023.281  15.983  261067.656  120523.633 
 1.307  413.334  5294.434  5294.437  124412.492  17.182  262069.562  121061.633 
 1.311  414.646  5297.877  5297.882  124691.656  18.345  262893.469  121605.586 
 1.316  415.962  5301.339  5301.344  125046.789  19.470  263885.375  122241.492 
 1.321  417.283  5304.820  5304.823  125357.875  21.558  264895.250  122815.359 
 1.326  418.608  5308.320  5308.317  125721.938  21.608  265944.156  123380.172 
 1.331  419.939  5311.840  5311.841  126087.953  21.621  266996.062  123972.945 
 1.336  421.275  5315.378  5315.380  126404.930  22.597  268022.938  124518.664 
 1.341  422.616  5318.936  5318.937  126761.875  21.535  268983.844  125007.336 
 1.346  423.961  5322.512  5322.510  127076.781  21.436  269911.750  125549.969 
 1.351  425.312  5326.107  5326.111  127397.648  22.300  270875.625  126054.547 
 1.356  426.668  5329.722  5329.718  127702.484  22.126  271755.531  126588.086 
 1.361  428.029  5333.355  5333.354  128010.273  21.915  272880.406  127059.570 
 1.366  429.395  5337.008  5337.006  128311.031  23.666  273897.312  127579.016 
 1.371  430.767  5340.680  5340.675  128617.750  22.381  274860.188  128128.414 
 1.377  432.143  5344.371  5344.374  129018.438  24.057  276256.094  128745.758 
 1.382  433.525  5348.081  5348.078  129311.078  24.697  277159.969  129302.062 
 1.387  434.913  5351.810  5351.811  129639.688  23.299  278231.875  129908.320 
 1.393  436.305  5355.557  5355.561  130041.258  25.864  279360.750  130491.523 
 1.398  437.703  5359.324  5359.329  130347.789  24.391  280279.656  131021.688 
 1.403  439.107  5363.110  5363.114  130650.281  29.881  281165.531  131523.797 
 1.409  440.516  5366.915  5366.917  131029.742  24.334  282558.406  132195.875 
 1.414  441.930  5370.739  5370.738  131294.156  24.749  283665.281  132669.891 
 1.420  443.350  5374.583  5374.588  131657.547  23.127  284754.188  133340.875 
 1.426  444.776  5378.445  5378.444  132047.891  24.468  286042.062  133953.797 
 1.431  446.207  5382.326  5382.330  132284.203  23.771  287089.938  134400.672 
 1.437  447.644  5386.226  5386.222  132633.469  26.037  288124.812  135043.516 
 1.443  449.086  5390.146  5390.144  132968.703  25.265  289217.719  135611.297 
 1.448  450.535  5394.084  5394.084  133219.906  27.457  290343.594  136112.047 
 1.454  451.989  5398.042  5398.042  133568.062  29.610  291463.469  136750.734 
 1.460  453.448  5402.018  5402.019  133891.188  29.727  292677.344  137424.391 
 1.466  454.914  5406.014  5406.013  134312.266  30.806  293851.219  138161.984 
 1.472  456.386  5410.028  5410.026  132977.312  31.848  295358.094  137128.547 
 1.477  457.863  5414.062  5414.058  133795.328  36.852  296078.969  138211.047 
 1.483  459.346  5418.114  5418.121  134755.297  37.819  297323.844  139535.516 
 1.489  460.836  5422.186  5422.189  135100.234  36.749  298616.719  140141.938 
 1.495  462.331  5426.277  5426.277  135436.141  38.641  299918.594  140784.297 
 1.501  463.833  5430.387  5430.383  135738.000  34.496  300919.469  141462.625 
 1.508  465.340  5434.516  5434.520  136128.828  37.314  302370.344  142205.891 
 1.514  466.854  5438.664  5438.664  136413.609  31.094  303422.219  142844.125 
 1.520  468.374  5442.831  5442.827  136697.359  33.837  304797.094  143517.312 
 1.526  469.900  5447.017  5447.021  136993.062  31.543  305964.938  144138.438 
 1.532  471.432  5451.222  5451.223  137288.750  33.211  307368.812  144872.531 
 1.539  472.971  5455.446  5455.443  137665.375  33.842  308590.688  145645.578 
 1.545  474.516  5459.689  5459.695  137942.984  36.435  309838.562  146271.562 
 1.551  476.067  5463.952  5463.955  138208.547  29.992  311052.438  146868.516 
 1.558  477.625  5468.233  5468.233  138601.062  33.510  312571.281  147637.422 
 1.564  479.189  5472.533  5472.531  138847.562  31.992  313679.156  148263.266 
 1.571  480.760  5476.853  5476.849  139202.000  34.436  315012.031  148984.078 
 1.577  482.337  5481.191  5481.187  139456.422  33.843  316213.875  149578.844 
 1.584  483.920  5485.548  5485.543  139838.797  37.212  317454.750  150377.562 
 1.590  485.510  5489.925  5489.921  140102.141  33.544  318816.594  150970.219 
 1.597  487.107  5494.321  5494.318  140440.438  36.839  320407.469  151783.844 
 1.603  488.711  5498.735  5498.735  140721.703  32.096  321463.312  152391.422 
 1.610  490.321  5503.169  5503.172  141055.922  35.316  322888.188  153128.953 
 1.617  491.938  5507.622  5507.617  141442.109  33.499  324260.031  153977.438 
 1.624  493.561  5512.093  5512.095  141780.266  37.644  325527.906  154709.859 
 1.630  495.192  5516.584  5516.580  142054.375  34.752  326830.750  155344.250 
 1.637  496.829  5521.094  5521.099  142397.453  35.822  328213.625  156098.594 
 1.644  498.473  5525.623  5525.625  142749.500  36.855  329728.469  156781.891 
 1.651  500.124  5530.171  5530.172  143115.500  36.851  331109.344  157649.141 
 1.658  501.782  5534.738  5534.740  143482.469  38.810  332418.188  158430.344 
 1.665  503.447  5539.324  5539.328  143817.391  40.731  334002.031  159298.500 
 1.672  505.119  5543.930  5543.925  144123.281  38.615  335164.875  159968.609 
 1.679  506.798  5548.554  5548.555  144480.141  33.461  336563.750  160836.672 
 1.686  508.484  5553.197  5553.193  144827.953  38.270  337978.594  161559.688 
 1.693  510.178  5557.859  5557.866  145162.734  38.042  339391.438  162263.656 
 1.700  511.878  5562.541  5562.546  145480.469  40.776  340890.281  163019.562 
 1.708  513.586  5567.241  5567.235  145880.188  42.473  342495.125  163921.438 
 1.715  515.300  5571.960  5571.958  146219.844  42.133  343872.000  164710.266 
 1.722  517.023  5576.699  5576.704  146536.484  41.755  345329.844  165499.047 
 1.729  518.752  5581.457  5581.457  146840.062  42.340  346660.688  166360.797 
 1.737  520.489  5586.233  5586.232  147229.625  42.887  348308.531  167184.484 
 1.744  522.233  5591.029  5591.028  147536.141  43.398  349492.375  167978.125 
 1.752  523.985  5595.843  5595.847  147882.625  44.870  351400.219  168848.719 
 1.759  525.744  5600.677  5600.674  148190.062  45.306  352836.062  169555.266 
 1.767  527.510  5605.530  5605.536  148550.469  47.704  354265.906  170478.766 
 1.774  529.284  5610.402  5610.408  148813.844  51.065  355788.750  171363.219 
 1.782  531.066  5615.293  5615.288  149155.172  50.388  357314.594  172206.625 
 1.789  532.855  5620.203  5620.203  149427.469  50.674  358537.438  173097.984 
 1.797  534.652  5625.132  5625.128  149762.719  52.923  360271.250  173853.297 
 1.805  536.457  5630.080  5630.075  150055.938  48.134  361915.094  174681.562 
 1.812  538.269  5635.047  5635.045  150341.125  49.308  363327.938  175427.797 
 1.820  540.089  5640.033  5640.037  150609.266  50.445  364969.781  176244.969 
 1.828  541.917  5645.038  5645.039  150942.375  56.544  366617.625  177156.094 
 1.836  543.753  5650.062  5650.062  151240.438  58.606  368120.438  178040.172 
 1.844  545.596  5655.106  5655.110  151569.469  62.631  369893.281  178937.203 
 1.851  547.448  5660.168  5660.167  151789.469  63.618  371141.125  179765.203 
 1.859  549.307  5665.250  5665.246  152057.422  63.568  372734.938  180566.141 
 1.867  551.175  5670.350  5670.349  152428.344  62.480  374328.781  181487.031 
 1.875  553.050  5675.469  5675.475  153182.234  62.355  375891.625  182932.875 
 1.883  554.933  5680.608  5680.610  153923.078  59.193  377612.438  184281.688 
 1.892  556.825  5685.766  5685.770  154744.891  61.994  379443.281  185613.438 
 1.900  558.725  5690.942  5690.939  155314.656  62.757  380992.094  186878.141 
 1.908  560.632  5696.138  5696.131  155894.391  56.482  382772.938  188048.812 
 1.916  562.548  5701.353  5701.348  156328.094  59.171  384171.750  189109.422 
 1.924  564.473  5706.586  5706.588  156206.750  58.822  385978.594  189481.984 
 1.933  566.405  5711.839  5711.838  156239.375  67.436  387708.406  190005.516 
 1.941  568.346  5717.111  5717.112  156237.953  66.012  389262.250  190588.984 
 1.949  570.295  5722.402  5722.396  156278.500  63.551  390654.062  191047.406 
 1.958  572.253  5727.712  5727.719  156461.016  65.052  392608.906  191868.797 
 1.966  574.219  5733.041  5733.038  156548.484  62.517  394163.719  192663.125 
 1.974  576.193  5738.389  5738.395  156703.922  65.943  395821.531  193330.422 
 1.983  578.176  5743.756  5743.763  156959.312  68.333  397667.344  194216.656 
 1.991  580.167  5749.143  5749.141  157083.672  73.685  399376.188  194982.859 
 2.000  582.167  5754.548  5754.544  157309.000  74.000  400950.000  195759.000 