SSRL   EXAFS Data Collector 4.0       
Tue Feb 20 22:10:53 2018              
PTS:        504 COLS:          8
lytle.det                             
TiEXAFS.rgn                           
43 unfocused  0.000 0 X 3.135500 20000                                        
5 1000 600 REP 0 0                    
20170427_Ti_SiO2 0.5 wt% Ti                                                   
lytle                                                                         
T = 350 C, He = 30 sscm                                                       
Full EXAFS high T                                                             
                                                                              
                                                                              

Weights: 
 1.000  1.000  1.000  1.000  1.000  1.000  1.000  1.000 
Offsets: 
 0.000  0.000  0.000  0.000  1013.000  1014.000  21.000  1267.000 
Data: 
Real time clock   
Total time        
Requested Energy  
Achieved Energy   
I0                
I1                
I2                
Lytle             

 1.000  1.000  4730.000  4730.002  109696.000  11.000  350594.000  15947.000 
 1.000  2.000  4740.500  4740.498  109413.000  12.000  350483.000  16191.000 
 1.000  3.000  4751.000  4750.999  109188.000  12.000  350436.000  16434.000 
 1.000  4.000  4761.500  4761.497  108950.000  13.000  350484.000  16707.000 
 1.000  5.000  4772.000  4772.000  108695.000  12.000  350492.000  16890.000 
 1.000  6.000  4782.500  4782.500  108487.000  12.000  350499.000  17194.000 
 1.000  7.000  4793.000  4792.996  108258.000  14.000  350373.000  17447.000 
 1.000  8.000  4803.500  4803.496  107979.000  12.000  350300.000  17748.000 
 1.000  9.000  4814.000  4814.000  107733.000  11.000  350440.000  17973.000 
 1.000  10.000  4824.500  4824.499  107519.000  11.000  350420.000  18245.000 
 1.000  11.000  4835.000  4835.001  107283.000  12.000  350426.000  18560.000 
 1.000  12.000  4845.500  4845.497  107051.000  14.000  350504.000  18806.000 
 1.000  13.000  4856.000  4855.996  106832.000  14.000  350474.000  19076.000 
 1.000  14.000  4866.500  4866.497  106596.000  15.000  350561.000  19368.000 
 1.000  15.000  4877.000  4877.000  106354.000  11.000  350578.000  19639.000 
 1.000  16.000  4887.500  4887.504  106089.000  9.000  350511.000  19911.000 
 1.000  17.000  4898.000  4898.000  105932.000  9.000  350421.000  20174.000 
 1.000  18.000  4908.500  4908.498  105650.000  9.000  350508.000  20486.000 
 1.000  19.000  4919.000  4918.996  105448.000  11.000  350481.000  20777.000 
 1.000  20.000  4929.500  4929.504  105209.000  12.000  350422.000  21097.000 
 1.000  21.000  4940.000  4940.002  104999.000  13.000  350492.000  21405.000 
 1.000  22.000  4940.500  4940.496  104991.000  11.000  350521.000  21439.000 
 1.000  23.000  4941.000  4941.000  104979.000  13.000  350478.000  21448.000 
 1.000  24.000  4941.500  4941.503  104957.000  14.000  350472.000  21470.000 
 1.000  25.000  4942.000  4941.997  104948.000  13.000  350537.000  21479.000 
 1.000  26.000  4942.500  4942.501  104945.000  15.000  350583.000  21515.000 
 1.000  27.000  4943.000  4943.005  104917.000  14.000  350553.000  21537.000 
 1.000  28.000  4943.500  4943.499  104932.000  11.000  350500.000  21566.000 
 1.000  29.000  4944.000  4944.003  104919.000  14.000  350485.000  21581.000 
 1.000  30.000  4944.500  4944.498  104908.000  15.000  350510.000  21616.000 
 1.000  31.000  4945.000  4945.002  104876.000  15.000  350443.000  21590.000 
 1.000  32.000  4945.500  4945.497  104880.000  13.000  350479.000  21624.000 
 1.000  33.000  4946.000  4946.002  104863.000  14.000  350515.000  21641.000 
 1.000  34.000  4946.500  4946.497  104843.000  12.000  350487.000  21663.000 
 1.000  35.000  4947.000  4947.001  104828.000  14.000  350539.000  21661.000 
 1.000  36.000  4947.500  4947.497  104816.000  13.000  350473.000  21693.000 
 1.000  37.000  4948.000  4948.002  104810.000  12.000  350372.000  21713.000 
 1.000  38.000  4948.500  4948.498  104782.000  13.000  350382.000  21730.000 
 1.000  39.000  4949.000  4949.003  104795.000  13.000  350469.000  21740.000 
 1.000  40.000  4949.500  4949.499  104781.000  13.000  350317.000  21727.000 
 1.000  41.000  4950.000  4950.004  104760.000  13.000  350410.000  21785.000 
 1.000  42.000  4950.500  4950.500  104738.000  13.000  350455.000  21799.000 
 1.000  43.000  4951.000  4950.996  104734.000  14.000  350458.000  21835.000 
 1.000  44.000  4951.500  4951.501  104736.000  13.000  350518.000  21834.000 
 1.000  45.000  4952.000  4951.998  104708.000  14.000  350378.000  21842.000 
 1.000  46.000  4952.500  4952.504  104696.000  14.000  350460.000  21868.000 
 1.000  47.000  4953.000  4953.000  104684.000  13.000  350487.000  21873.000 
 1.000  48.000  4953.500  4953.497  104677.000  12.000  350558.000  21917.000 
 1.000  49.000  4954.000  4954.003  104664.000  13.000  350561.000  21949.000 
 1.000  50.000  4954.500  4954.500  104636.000  13.000  350486.000  21949.000 
 1.000  51.000  4955.000  4954.997  104640.000  14.000  350377.000  21971.000 
 1.000  52.000  4955.500  4955.503  104626.000  12.000  350492.000  21999.000 
 1.000  53.000  4956.000  4956.000  104603.000  14.000  350515.000  22057.000 
 1.000  54.000  4956.500  4956.498  104594.000  14.000  350478.000  22044.000 
 1.000  55.000  4957.000  4957.005  104587.000  14.000  350369.000  22089.000 
 1.000  56.000  4957.500  4957.502  104585.000  13.000  350447.000  22130.000 
 1.000  57.000  4958.000  4958.000  104569.000  14.000  350491.000  22138.000 
 1.000  58.000  4958.500  4958.497  104539.000  12.000  350504.000  22135.000 
 1.000  59.000  4959.000  4959.005  104525.000  12.000  350532.000  22204.000 
 1.000  60.000  4959.500  4959.502  104527.000  13.000  350498.000  22243.000 
 1.000  61.000  4960.000  4960.000  104510.000  12.000  350470.000  22299.000 
 1.000  62.000  4960.500  4960.499  104491.000  11.000  350450.000  22301.000 
 1.000  63.000  4961.000  4960.997  104485.000  12.000  350365.000  22355.000 
 1.000  64.000  4961.500  4961.505  104469.000  13.000  350485.000  22379.000 
 1.000  65.000  4962.000  4962.003  104448.000  12.000  350587.000  22454.000 
 1.000  66.000  4962.500  4962.501  104439.000  11.000  350455.000  22519.000 
 1.000  67.000  4963.000  4963.000  104408.000  9.000  350495.000  22544.000 
 1.000  68.000  4963.500  4963.499  104403.000  9.000  350319.000  22625.000 
 1.000  69.000  4964.000  4963.998  104401.000  8.000  350377.000  22662.000 
 1.000  70.000  4964.500  4964.496  104375.000  10.000  350448.000  22773.000 
 1.000  71.000  4965.000  4964.995  104359.000  9.000  350433.000  22891.000 
 1.000  72.000  4965.100  4965.095  104362.000  9.000  350562.000  22906.000 
 1.000  73.000  4965.200  4965.205  104347.000  11.000  350408.000  22940.000 
 1.000  74.000  4965.300  4965.305  104333.000  12.000  350473.000  22974.000 
 1.000  75.000  4965.400  4965.404  104339.000  13.000  350478.000  22991.000 
 1.000  76.000  4965.500  4965.504  104328.000  13.000  350527.000  23028.000 
 1.000  77.000  4965.600  4965.604  104328.000  12.000  350447.000  23079.000 
 1.000  78.000  4965.700  4965.704  104316.000  12.000  350458.000  23101.000 
 1.000  79.000  4965.800  4965.804  104313.000  12.000  350348.000  23151.000 
 1.000  80.000  4965.900  4965.904  104303.000  12.000  350438.000  23183.000 
 1.000  81.000  4966.000  4966.003  104294.000  12.000  350491.000  23213.000 
 1.000  82.000  4966.100  4966.104  104296.000  12.000  350498.000  23255.000 
 1.000  83.000  4966.200  4966.203  104281.000  12.000  350524.000  23312.000 
 1.000  84.000  4966.300  4966.303  104275.000  13.000  350470.000  23372.000 
 1.000  85.000  4966.400  4966.403  104269.000  12.000  350446.000  23417.000 
 1.000  86.000  4966.500  4966.503  104275.000  13.000  350487.000  23498.000 
 1.000  87.000  4966.600  4966.603  104253.000  11.000  350427.000  23579.000 
 1.000  88.000  4966.700  4966.703  104256.000  11.000  350380.000  23663.000 
 1.000  89.000  4966.800  4966.802  104244.000  12.000  350425.000  23709.000 
 1.000  90.000  4966.900  4966.902  104235.000  11.000  350525.000  23764.000 
 1.000  91.000  4967.000  4967.002  104221.000  9.000  350518.000  23904.000 
 1.000  92.000  4967.100  4967.102  104231.000  10.000  350513.000  23968.000 
 1.000  93.000  4967.200  4967.202  104243.000  12.000  350457.000  24090.000 
 1.000  94.000  4967.300  4967.302  104229.000  10.000  350409.000  24172.000 
 1.000  95.000  4967.400  4967.402  104232.000  11.000  350499.000  24348.000 
 1.000  96.000  4967.500  4967.502  104219.000  11.000  350530.000  24505.000 
 1.000  97.000  4967.600  4967.602  104209.000  10.000  350420.000  24715.000 
 1.000  98.000  4967.700  4967.702  104213.000  10.000  350395.000  24937.000 
 1.000  99.000  4967.800  4967.802  104206.000  11.000  350467.000  25172.000 
 1.000  100.000  4967.900  4967.901  104187.000  11.000  350535.000  25442.000 
 1.000  101.000  4968.000  4968.001  104205.000  10.000  350545.000  25763.000 
 1.000  102.000  4968.100  4968.102  104184.000  11.000  350506.000  26151.000 
 1.000  103.000  4968.200  4968.201  104174.000  10.000  350450.000  26679.000 
 1.000  104.000  4968.300  4968.301  104185.000  11.000  350513.000  27188.000 
 1.000  105.000  4968.400  4968.401  104159.000  11.000  350513.000  27773.000 
 1.000  106.000  4968.500  4968.501  104158.000  11.000  350445.000  28532.000 
 1.000  107.000  4968.600  4968.601  104151.000  12.000  350471.000  29295.000 
 1.000  108.000  4968.700  4968.701  104144.000  12.000  350531.000  30249.000 
 1.000  109.000  4968.800  4968.801  104140.000  13.000  350458.000  31300.000 
 1.000  110.000  4968.900  4968.901  104133.000  12.000  350478.000  32560.000 
 1.000  111.000  4969.000  4969.001  104125.000  13.000  350484.000  33989.000 
 1.000  112.000  4969.100  4969.101  104129.000  12.000  350538.000  35678.000 
 1.000  113.000  4969.200  4969.201  104111.000  13.000  350413.000  37582.000 
 1.000  114.000  4969.300  4969.301  104102.000  9.000  350566.000  39822.000 
 1.000  115.000  4969.400  4969.401  104093.000  10.000  350501.000  42330.000 
 1.000  116.000  4969.500  4969.501  104088.000  11.000  350466.000  45054.000 
 1.000  117.000  4969.600  4969.601  104077.000  10.000  350382.000  47868.000 
 1.000  118.000  4969.700  4969.701  104077.000  10.000  350453.000  50566.000 
 1.000  119.000  4969.800  4969.801  104072.000  10.000  350471.000  53085.000 
 1.000  120.000  4969.900  4969.901  104073.000  10.000  350481.000  55115.000 
 1.000  121.000  4970.000  4970.001  104058.000  10.000  350425.000  56559.000 
 1.000  122.000  4970.100  4970.101  104059.000  9.000  350554.000  57281.000 
 1.000  123.000  4970.200  4970.201  104069.000  9.000  350503.000  57275.000 
 1.000  124.000  4970.300  4970.301  104042.000  9.000  350522.000  56451.000 
 1.000  125.000  4970.400  4970.401  104045.000  10.000  350555.000  54895.000 
 1.000  126.000  4970.500  4970.501  104047.000  8.000  350478.000  52747.000 
 1.000  127.000  4970.600  4970.602  104048.000  8.000  350481.000  50193.000 
 1.000  128.000  4970.700  4970.702  104005.000  8.000  350526.000  47352.000 
 1.000  129.000  4970.800  4970.801  104017.000  8.000  350424.000  44461.000 
 1.000  130.000  4970.900  4970.901  103995.000  7.000  350433.000  41746.000 
 1.000  131.000  4971.000  4971.001  104002.000  9.000  350377.000  39355.000 
 1.000  132.000  4971.100  4971.102  103983.000  8.000  350394.000  37233.000 
 1.000  133.000  4971.200  4971.202  103974.000  8.000  350466.000  35473.000 
 1.000  134.000  4971.300  4971.302  103970.000  7.000  350442.000  34047.000 
 1.000  135.000  4971.400  4971.402  103958.000  13.000  350447.000  32936.000 
 1.000  136.000  4971.500  4971.502  103955.000  13.000  350496.000  32025.000 
 1.000  137.000  4971.600  4971.602  103949.000  12.000  350486.000  31336.000 
 1.000  138.000  4971.700  4971.702  103924.000  14.000  350391.000  30752.000 
 1.000  139.000  4971.800  4971.802  103916.000  13.000  350413.000  30327.000 
 1.000  140.000  4971.900  4971.902  103918.000  14.000  350503.000  29979.000 
 1.000  141.000  4972.000  4972.002  103906.000  14.000  350462.000  29756.000 
 1.000  142.000  4972.100  4972.103  103881.000  12.000  350466.000  29548.000 
 1.000  143.000  4972.200  4972.203  103889.000  12.000  350371.000  29392.000 
 1.000  144.000  4972.300  4972.303  103888.000  8.000  350502.000  29227.000 
 1.000  145.000  4972.400  4972.403  103855.000  8.000  350441.000  29141.000 
 1.000  146.000  4972.500  4972.503  103856.000  7.000  350526.000  29035.000 
 1.000  147.000  4972.600  4972.604  103858.000  5.000  350439.000  28962.000 
 1.000  148.000  4972.700  4972.704  103835.000  9.000  350476.000  28888.000 
 1.000  149.000  4972.800  4972.804  103825.000  7.000  350454.000  28845.000 
 1.000  150.000  4972.900  4972.904  103824.000  6.000  350499.000  28802.000 
 1.000  151.000  4973.000  4973.004  103796.000  6.000  350523.000  28776.000 
 1.000  152.000  4973.100  4973.104  103808.000  6.000  350402.000  28736.000 
 1.000  153.000  4973.200  4973.204  103806.000  6.000  350468.000  28671.000 
 1.000  154.000  4973.300  4973.305  103787.000  6.000  350490.000  28653.000 
 1.000  155.000  4973.400  4973.405  103767.000  5.000  350452.000  28652.000 
 1.000  156.000  4973.500  4973.505  103766.000  6.000  350482.000  28627.000 
 1.000  157.000  4973.600  4973.605  103763.000  6.000  350527.000  28610.000 
 1.000  158.000  4973.700  4973.695  103768.000  6.000  350577.000  28580.000 
 1.000  159.000  4973.800  4973.795  103761.000  8.000  350504.000  28566.000 
 1.000  160.000  4973.900  4973.896  103760.000  9.000  350484.000  28564.000 
 1.000  161.000  4974.000  4973.996  103760.000  10.000  350542.000  28572.000 
 1.000  162.000  4974.100  4974.096  103749.000  11.000  350507.000  28600.000 
 1.000  163.000  4974.200  4974.196  103751.000  12.000  350426.000  28629.000 
 1.000  164.000  4974.300  4974.296  103734.000  12.000  350388.000  28643.000 
 1.000  165.000  4974.400  4974.396  103727.000  11.000  350452.000  28739.000 
 1.000  166.000  4974.500  4974.497  103729.000  12.000  350487.000  28806.000 
 1.000  167.000  4974.600  4974.597  103705.000  15.000  350566.000  28897.000 
 1.000  168.000  4974.700  4974.697  103705.000  13.000  350493.000  29032.000 
 1.000  169.000  4974.800  4974.797  103685.000  11.000  350461.000  29163.000 
 1.000  170.000  4974.900  4974.898  103678.000  11.000  350580.000  29281.000 
 1.000  171.000  4975.000  4974.998  103689.000  12.000  350449.000  29440.000 
 1.000  172.000  4975.350  4975.349  103667.000  12.000  350532.000  30041.000 
 1.000  173.000  4975.700  4975.700  103668.000  11.000  350633.000  30796.000 
 1.000  174.000  4976.050  4976.051  103636.000  12.000  350415.000  31634.000 
 1.000  175.000  4976.400  4976.402  103641.000  12.000  350442.000  32635.000 
 1.000  176.000  4976.750  4976.753  103626.000  13.000  350426.000  33829.000 
 1.000  177.000  4977.100  4977.104  103614.000  14.000  350431.000  35152.000 
 1.000  178.000  4977.450  4977.445  103604.000  14.000  350464.000  36729.000 
 1.000  179.000  4977.800  4977.797  103586.000  13.000  350471.000  38361.000 
 1.000  180.000  4978.150  4978.148  103567.000  12.000  350433.000  39962.000 
 1.000  181.000  4978.500  4978.500  103562.000  13.000  350412.000  41365.000 
 1.000  182.000  4978.850  4978.851  103547.000  13.000  350478.000  42599.000 
 1.000  183.000  4979.200  4979.202  103523.000  13.000  350441.000  43692.000 
 1.000  184.000  4979.550  4979.554  103521.000  13.000  350415.000  44703.000 
 1.000  185.000  4979.900  4979.896  103488.000  12.000  350387.000  45605.000 
 1.000  186.000  4980.250  4980.247  103487.000  11.000  350469.000  46557.000 
 1.000  187.000  4980.600  4980.599  103465.000  11.000  350449.000  47640.000 
 1.000  188.000  4980.950  4980.951  103449.000  11.000  350466.000  48743.000 
 1.000  189.000  4981.300  4981.302  103432.000  11.000  350445.000  49983.000 
 1.000  190.000  4981.650  4981.654  103423.000  13.000  350393.000  51382.000 
 1.000  191.000  4982.000  4981.996  103407.000  13.000  350427.000  53058.000 
 1.000  192.000  4982.350  4982.348  103384.000  13.000  350431.000  55019.000 
 1.000  193.000  4982.700  4982.700  103444.000  14.000  350419.000  57267.000 
 1.000  194.000  4983.050  4983.052  103630.000  13.000  350361.000  59657.000 
 1.000  195.000  4983.400  4983.404  103823.000  13.000  350357.000  61988.000 
 1.000  196.000  4983.750  4983.747  103984.000  12.000  350344.000  64122.000 
 1.000  197.000  4984.100  4984.099  104115.000  12.000  350416.000  66029.000 
 1.000  198.000  4984.450  4984.451  104267.000  12.000  350423.000  67797.000 
 1.000  199.000  4984.800  4984.803  104393.000  11.000  350488.000  69465.000 
 1.000  200.000  4985.150  4985.146  104331.000  12.000  350413.000  70727.000 
 1.000  201.000  4985.500  4985.498  104246.000  12.000  350400.000  71731.000 
 1.000  202.000  4985.850  4985.851  104162.000  11.000  350340.000  72712.000 
 1.000  203.000  4986.200  4986.203  104098.000  11.000  350498.000  73544.000 
 1.000  204.000  4986.550  4986.546  104038.000  12.000  350358.000  74303.000 
 1.000  205.000  4986.900  4986.898  103982.000  11.000  350424.000  74858.000 
 1.000  206.000  4987.250  4987.251  103953.000  12.000  350434.000  75430.000 
 1.000  207.000  4987.600  4987.604  103906.000  12.000  350411.000  75935.000 
 1.000  208.000  4987.950  4987.947  103886.000  16.000  350470.000  76387.000 
 1.000  209.000  4988.300  4988.300  103860.000  12.000  350437.000  76591.000 
 1.000  210.000  4988.650  4988.653  103843.000  14.000  350478.000  76881.000 
 1.000  211.000  4989.000  4988.996  103816.000  15.000  350449.000  77199.000 
 1.000  212.000  4989.350  4989.349  103796.000  16.000  350460.000  77552.000 
 1.000  213.000  4989.700  4989.702  103792.000  15.000  350470.000  77875.000 
 1.000  214.000  4990.050  4990.055  103772.000  15.000  350584.000  78234.000 
 1.000  215.000  4990.400  4990.398  103751.000  15.000  350434.000  78423.000 
 1.000  216.000  4990.750  4990.751  103748.000  14.000  350499.000  78683.000 
 1.000  217.000  4991.100  4991.104  103732.000  15.000  350409.000  78919.000 
 1.000  218.000  4991.450  4991.448  103729.000  15.000  350455.000  79133.000 
 1.000  219.000  4991.800  4991.801  103710.000  15.000  350480.000  79394.000 
 1.000  220.000  4992.150  4992.155  103699.000  16.000  350533.000  79693.000 
 1.000  221.000  4992.500  4992.498  103699.000  12.000  350384.000  79903.000 
 1.000  222.000  4992.850  4992.852  103685.000  12.000  350415.000  80175.000 
 1.000  223.000  4993.200  4993.195  103664.000  14.000  350508.000  80425.000 
 1.000  224.000  4993.550  4993.549  103671.000  14.000  350440.000  80697.000 
 1.000  225.000  4993.900  4993.903  103645.000  13.000  350391.000  80881.000 
 1.000  226.000  4994.250  4994.247  103637.000  15.000  350451.000  81139.000 
 1.000  227.000  4994.600  4994.601  103642.000  16.000  350447.000  81306.000 
 1.000  228.000  4994.950  4994.955  103626.000  16.000  350375.000  81495.000 
 1.000  229.000  4995.300  4995.298  103621.000  17.000  350471.000  81691.000 
 1.000  230.000  4995.650  4995.652  103612.000  17.000  350521.000  81870.000 
 1.000  231.000  4996.000  4995.996  103613.000  14.000  350453.000  82025.000 
 1.000  232.000  4996.350  4996.351  103610.000  13.000  350395.000  82171.000 
 1.000  233.000  4996.700  4996.705  103588.000  14.000  350457.000  82453.000 
 1.000  234.000  4997.050  4997.049  103578.000  13.000  350437.000  82694.000 
 1.000  235.000  4997.400  4997.403  103571.000  14.000  350345.000  82898.000 
 1.000  236.000  4997.750  4997.747  103574.000  13.000  350449.000  83055.000 
 1.000  237.000  4998.100  4998.102  103556.000  14.000  350485.000  83056.000 
 1.000  238.000  4998.450  4998.446  103540.000  14.000  350489.000  83249.000 
 1.000  239.000  4998.800  4998.801  103544.000  13.000  350496.000  83441.000 
 1.000  240.000  4999.150  4999.145  103534.000  12.000  350282.000  83659.000 
 1.000  241.000  4999.500  4999.500  103528.000  13.000  350415.000  83855.000 
 1.000  242.000  4999.850  4999.854  103513.000  12.000  350534.000  84112.000 
 1.000  243.000  5000.200  5000.199  103501.000  12.000  350508.000  84500.000 
 1.000  244.000  5000.550  5000.554  103507.000  13.000  350500.000  84566.000 
 1.000  245.000  5000.900  5000.898  103501.000  13.000  350504.000  84660.000 
 1.000  246.000  5001.250  5001.253  103493.000  13.000  350476.000  84867.000 
 1.000  247.000  5001.600  5001.598  103477.000  12.000  350511.000  85052.000 
 1.000  248.000  5001.950  5001.953  103468.000  16.000  350474.000  85251.000 
 1.000  249.000  5002.300  5002.298  103469.000  15.000  350343.000  85575.000 
 1.000  250.000  5002.650  5002.653  103471.000  14.000  350414.000  85576.000 
 1.000  251.000  5003.000  5002.998  103459.000  15.000  350478.000  85679.000 
 1.000  252.000  5003.350  5003.354  103447.000  15.000  350435.000  85858.000 
 1.000  253.000  5003.700  5003.699  103452.000  15.000  350480.000  85919.000 
 1.000  254.000  5004.050  5004.054  103435.000  15.000  350476.000  85996.000 
 1.000  255.000  5004.400  5004.399  103419.000  14.000  350506.000  86105.000 
 1.000  256.000  5004.750  5004.754  103427.000  15.000  350469.000  86133.000 
 1.000  257.000  5005.100  5005.100  103411.000  14.000  350461.000  86137.000 
 1.000  258.000  5005.450  5005.445  103404.000  14.000  350497.000  86112.000 
 1.000  259.000  5005.800  5005.801  103419.000  14.000  350473.000  86068.000 
 1.000  260.000  5006.150  5006.146  103408.000  15.000  350484.000  86010.000 
 1.000  261.000  5006.500  5006.502  103392.000  14.000  350411.000  85892.000 
 1.000  262.000  5006.850  5006.848  103389.000  14.000  350469.000  85757.000 
 1.000  263.000  5007.200  5007.204  103380.000  15.000  350315.000  85600.000 
 1.000  264.000  5007.550  5007.549  103381.000  15.000  350528.000  85387.000 
 1.000  265.000  5007.900  5007.895  103368.000  15.000  350408.000  85206.000 
 1.000  266.000  5008.250  5008.251  103356.000  16.000  350458.000  84947.000 
 1.000  267.000  5008.600  5008.597  103341.000  16.000  350463.000  84695.000 
 1.000  268.000  5008.950  5008.953  103343.000  15.000  350435.000  84496.000 
 1.000  269.000  5009.300  5009.299  103335.000  16.000  350430.000  84340.000 
 1.000  270.000  5009.650  5009.645  103317.000  16.000  350359.000  84150.000 
 1.000  271.000  5010.008  5010.011  103329.000  16.000  350481.000  84006.000 
 1.000  272.000  5010.994  5010.989  103277.984  16.981  350466.000  83291.977 
 1.000  273.000  5011.999  5011.998  103260.922  17.925  350454.000  82107.906 
 1.000  274.000  5013.022  5013.027  103264.836  16.832  350478.000  80916.789 
 1.000  275.001  5014.065  5014.066  103243.703  14.701  350524.000  79960.625 
 1.000  276.001  5015.127  5015.127  103209.531  14.533  350527.000  79169.414 
 1.001  277.002  5016.208  5016.209  103291.328  14.328  350766.000  78592.156 
 1.001  278.003  5017.308  5017.312  103235.086  15.085  350768.969  77813.859 
 1.001  279.004  5018.427  5018.425  103227.805  13.805  350843.969  77260.508 
 1.001  280.005  5019.565  5019.570  103204.492  14.487  350811.969  76641.109 
 1.002  281.007  5020.722  5020.725  103287.133  14.132  351152.969  75921.664 
 1.002  282.009  5021.898  5021.901  103270.742  11.740  351063.969  75038.180 
 1.003  283.012  5023.093  5023.089  103333.312  12.310  351429.938  74341.641 
 1.003  284.015  5024.308  5024.308  103315.844  10.843  351523.938  73600.055 
 1.004  285.019  5025.541  5025.537  103390.344  13.339  351863.938  72993.422 
 1.004  286.023  5026.793  5026.798  103333.805  16.797  351872.906  72379.750 
 1.005  287.028  5028.064  5028.060  103437.227  16.218  352179.906  71962.023 
 1.005  288.033  5029.355  5029.353  103380.609  15.602  352185.875  71477.258 
 1.006  289.039  5030.665  5030.667  103502.953  16.948  352575.875  71167.438 
 1.007  290.046  5031.993  5031.993  103557.266  15.257  352852.875  70944.578 
 1.007  291.053  5033.341  5033.339  103513.539  15.529  352848.844  70747.664 
 1.008  292.061  5034.708  5034.708  103578.773  14.763  353150.844  70737.711 
 1.009  293.070  5036.093  5036.097  103634.969  16.960  353657.812  70882.703 
 1.010  294.080  5037.498  5037.498  103713.133  16.119  354037.781  71023.656 
 1.011  295.090  5038.921  5038.919  103787.250  16.242  354373.781  71333.555 
 1.012  296.102  5040.364  5040.363  103842.336  16.326  354744.750  71629.414 
 1.012  297.114  5041.826  5041.829  103811.383  15.374  354634.750  71864.227 
 1.013  298.128  5043.307  5043.305  103880.398  15.384  355027.719  72288.984 
 1.014  299.142  5044.807  5044.803  103945.367  14.357  355293.688  72690.703 
 1.015  300.158  5046.326  5046.323  103995.305  13.292  355537.688  73139.375 
 1.017  301.174  5047.864  5047.864  104158.203  14.190  356383.656  73657.992 
 1.018  302.192  5049.421  5049.417  104236.070  14.051  356781.625  74144.570 
 1.019  303.211  5050.998  5051.001  104281.891  14.874  357152.594  74660.102 
 1.020  304.231  5052.593  5052.598  104338.680  14.660  357460.594  75089.586 
 1.021  305.252  5054.208  5054.206  104400.430  14.408  357806.562  75630.023 
 1.023  306.275  5055.841  5055.846  104566.141  12.120  358477.531  76267.414 
 1.024  307.299  5057.493  5057.498  104588.820  10.794  358854.500  76801.750 
 1.025  308.324  5059.165  5059.161  104669.453  10.430  359250.469  77408.047 
 1.027  309.350  5060.855  5060.856  104820.055  12.029  359922.438  77979.297 
 1.028  310.378  5062.564  5062.563  104888.617  10.591  360304.406  78489.500 
 1.029  311.408  5064.293  5064.293  104907.148  12.115  360612.375  78945.656 
 1.031  312.439  5066.041  5066.044  105083.633  13.603  361273.344  79577.766 
 1.032  313.471  5067.808  5067.808  105126.086  13.052  361707.312  80017.828 
 1.034  314.505  5069.593  5069.593  105287.500  12.465  362338.281  80587.852 
 1.036  315.541  5071.398  5071.401  105439.875  12.840  363108.250  80835.820 
 1.037  316.578  5073.222  5073.221  105487.211  13.177  363352.219  81027.742 
 1.039  317.617  5075.065  5075.063  105656.516  12.478  364075.188  81368.617 
 1.041  318.658  5076.927  5076.927  105804.781  12.741  364811.156  81660.445 
 1.042  319.700  5078.808  5078.804  105848.008  12.966  365153.094  81753.227 
 1.044  320.745  5080.708  5080.703  106012.195  12.155  365963.062  81909.969 
 1.046  321.791  5082.627  5082.625  106180.352  12.305  366612.031  82077.656 
 1.048  322.839  5084.565  5084.568  106301.469  12.419  367342.000  82158.297 
 1.050  323.888  5086.522  5086.524  106477.547  12.495  367986.969  82227.891 
 1.052  324.940  5088.499  5088.503  106584.586  13.534  368650.906  82245.445 
 1.054  325.994  5090.494  5090.495  106752.586  14.535  369498.875  82101.945 
 1.056  327.050  5092.508  5092.509  106902.555  12.500  370144.844  82011.406 
 1.058  328.107  5094.542  5094.545  107031.484  14.426  370744.781  82009.812 
 1.060  329.167  5096.594  5096.595  107184.375  14.316  371512.750  81861.172 
 1.062  330.229  5098.666  5098.667  107319.227  14.168  372182.688  81698.492 
 1.064  331.293  5100.756  5100.751  107490.047  12.983  372861.656  81591.758 
 1.066  332.360  5102.866  5102.870  107611.828  13.760  373665.594  81557.984 
 1.069  333.428  5104.994  5104.990  107851.570  13.500  374618.562  81531.156 
 1.071  334.499  5107.142  5107.144  107996.273  13.202  375389.500  81509.289 
 1.073  335.572  5109.309  5109.310  108129.938  12.868  376034.469  81520.375 
 1.075  336.647  5111.495  5111.500  108282.570  12.496  376753.406  81359.406 
 1.078  337.725  5113.699  5113.702  108528.164  14.086  377836.375  81510.398 
 1.080  338.806  5115.923  5115.928  108659.719  14.639  378495.312  81462.336 
 1.083  339.888  5118.166  5118.167  108900.234  15.155  379494.250  81586.234 
 1.085  340.973  5120.428  5120.428  109041.719  13.634  380215.219  81666.086 
 1.088  342.061  5122.709  5122.714  109272.164  14.075  381371.156  81844.891 
 1.090  343.151  5125.009  5125.012  109405.570  16.479  382062.094  82010.641 
 1.093  344.244  5127.329  5127.324  109649.938  15.845  383047.062  82212.352 
 1.095  345.340  5129.667  5129.670  109765.273  15.174  383910.000  82438.016 
 1.098  346.438  5132.024  5132.029  109989.562  13.466  384846.938  82563.633 
 1.101  347.539  5134.400  5134.401  110202.820  11.720  385874.875  82839.203 
 1.104  348.642  5136.795  5136.796  110453.039  12.937  386975.812  83261.727 
 1.106  349.749  5139.210  5139.206  110573.227  12.117  387642.781  83499.203 
 1.109  350.858  5141.644  5141.639  110807.367  12.259  388663.719  83859.625 
 1.112  351.970  5144.096  5144.096  111021.477  11.364  389825.656  84304.008 
 1.115  353.085  5146.567  5146.566  111240.547  9.432  390777.594  84685.344 
 1.118  354.203  5149.058  5149.061  111483.578  10.462  391853.531  85143.633 
 1.121  355.324  5151.568  5151.569  111694.578  11.455  392822.469  85524.883 
 1.124  356.448  5154.097  5154.102  111926.531  11.410  393776.406  86021.078 
 1.127  357.574  5156.644  5156.648  112132.453  11.329  394984.344  86438.227 
 1.130  358.704  5159.211  5159.208  112349.336  10.209  396054.281  86840.328 
 1.133  359.838  5161.797  5161.792  112561.188  8.053  397123.219  87234.383 
 1.136  360.974  5164.402  5164.400  112755.992  10.859  398175.125  87717.391 
 1.139  362.113  5167.026  5167.022  112987.766  7.628  399164.062  88124.352 
 1.143  363.256  5169.669  5169.670  113294.500  6.359  400615.000  88413.273 
 1.146  364.402  5172.331  5172.331  113503.195  5.053  401667.938  88690.141 
 1.149  365.551  5175.012  5175.017  113727.859  5.710  402668.875  89018.961 
 1.153  366.703  5177.712  5177.716  114025.484  8.329  404047.781  89357.734 
 1.156  367.859  5180.431  5180.430  114202.070  5.911  405204.719  89731.469 
 1.159  369.019  5183.169  5183.169  114459.617  6.456  406219.656  90010.148 
 1.163  370.181  5185.927  5185.921  114745.125  10.963  407528.594  90247.781 
 1.166  371.348  5188.703  5188.700  114945.602  11.433  408511.500  90550.375 
 1.170  372.517  5191.499  5191.503  115251.031  11.865  409991.438  90878.914 
 1.173  373.691  5194.313  5194.310  115452.438  7.260  411124.375  91276.414 
 1.177  374.868  5197.146  5197.142  115768.797  9.618  412434.281  91393.859 
 1.181  376.048  5199.999  5199.999  116044.117  12.939  413986.219  91814.266 
 1.184  377.232  5202.871  5202.871  116224.406  13.222  414947.125  92064.617 
 1.188  378.420  5205.761  5205.757  116516.656  11.468  416402.062  92353.930 
 1.192  379.612  5208.671  5208.668  116795.867  12.676  417762.969  92578.188 
 1.195  380.807  5211.600  5211.595  116979.039  12.847  418771.906  92840.406 
 1.199  382.007  5214.547  5214.547  117288.180  12.981  420239.812  93159.578 
 1.203  383.210  5217.514  5217.515  117560.281  14.077  421525.750  93572.695 
 1.207  384.417  5220.500  5220.497  117860.344  16.136  422949.656  93919.773 
 1.211  385.628  5223.505  5223.504  118164.367  17.158  424302.562  93979.805 
 1.215  386.842  5226.529  5226.527  118430.359  16.142  425782.500  94273.781 
 1.219  388.061  5229.572  5229.576  118748.305  18.089  427309.406  94640.719 
 1.223  389.284  5232.634  5232.629  118994.219  17.998  428596.312  94997.609 
 1.227  390.511  5235.715  5235.719  119292.094  14.871  430104.219  95245.453 
 1.231  391.742  5238.816  5238.813  119652.938  14.705  431422.156  95683.250 
 1.235  392.977  5241.935  5241.934  120267.734  15.503  432849.062  96433.000 
 1.239  394.217  5245.073  5245.070  120855.500  14.263  434236.969  96705.695 
 1.244  395.460  5248.230  5248.232  121498.227  14.986  435915.875  97416.352 
 1.248  396.708  5251.407  5251.410  122015.922  15.671  437436.781  97991.961 
 1.252  397.960  5254.603  5254.604  122277.570  11.319  438800.719  98525.523 
 1.256  399.217  5257.817  5257.812  122446.188  11.930  440183.625  98715.039 
 1.261  400.478  5261.050  5261.048  122691.766  14.503  441946.531  99013.508 
 1.265  401.743  5264.303  5264.300  122881.305  14.039  443382.438  99324.930 
 1.270  403.013  5267.575  5267.578  123189.805  14.538  444995.344  100014.305 
 1.274  404.287  5270.865  5270.861  123441.273  14.999  446392.250  100596.633 
 1.279  405.565  5274.175  5274.171  123799.703  15.423  448215.156  100880.922 
 1.283  406.849  5277.504  5277.509  124114.094  14.810  449710.062  101250.156 
 1.288  408.136  5280.852  5280.851  114138.445  14.159  451297.969  93417.344 
 1.292  409.429  5284.219  5284.220  124258.766  15.471  452730.844  101924.484 
 1.297  410.726  5287.604  5287.605  124711.039  15.745  454550.750  102572.578 
 1.302  412.028  5291.010  5291.007  125120.281  14.983  456203.656  103191.633 
 1.307  413.334  5294.434  5294.437  125493.492  17.182  457929.562  104024.633 
 1.311  414.646  5297.877  5297.882  125769.656  16.345  459561.469  104202.586 
 1.316  415.962  5301.339  5301.344  126103.789  15.470  461287.375  104602.492 
 1.321  417.283  5304.820  5304.823  126438.875  16.558  462970.250  105130.359 
 1.326  418.608  5308.320  5308.317  126818.938  15.608  464609.156  105671.172 
 1.331  419.939  5311.840  5311.841  127148.953  16.621  466537.062  106137.945 
 1.336  421.275  5315.378  5315.380  127491.930  15.597  468236.938  106800.664 
 1.341  422.616  5318.936  5318.937  127872.875  17.535  469992.844  107201.336 
 1.346  423.961  5322.512  5322.510  128228.781  17.436  471801.750  107880.969 
 1.351  425.312  5326.107  5326.111  128562.648  18.300  473563.625  108171.547 
 1.356  426.668  5329.722  5329.718  128904.484  22.126  475205.531  108684.086 
 1.361  428.029  5333.355  5333.354  129232.273  18.915  477083.406  109135.570 
 1.366  429.395  5337.008  5337.006  129556.031  17.666  478635.312  109658.016 
 1.371  430.767  5340.680  5340.675  129887.750  17.381  480457.188  110159.414 
 1.377  432.143  5344.371  5344.374  130317.438  21.057  482563.094  110732.758 
 1.382  433.525  5348.081  5348.078  130631.078  19.697  484341.969  111321.062 
 1.387  434.913  5351.810  5351.811  130943.688  19.299  486098.875  111906.320 
 1.393  436.305  5355.557  5355.561  131338.250  21.864  488204.750  112354.523 
 1.398  437.703  5359.324  5359.329  131652.797  19.391  490025.656  112922.688 
 1.403  439.107  5363.110  5363.114  131973.281  23.881  491673.531  113439.805 
 1.409  440.516  5366.915  5366.917  132371.750  19.334  493804.406  113853.875 
 1.414  441.930  5370.739  5370.738  132675.156  17.749  495595.281  114356.891 
 1.420  443.350  5374.583  5374.588  133079.547  17.127  497424.188  114964.867 
 1.426  444.776  5378.445  5378.444  133455.891  19.468  499660.062  115525.797 
 1.431  446.207  5382.326  5382.330  133745.203  17.771  501527.938  115797.680 
 1.437  447.644  5386.226  5386.222  134172.469  18.037  503624.812  116426.516 
 1.443  449.086  5390.146  5390.144  134537.703  17.265  505723.719  117232.305 
 1.448  450.535  5394.084  5394.084  134812.906  19.457  507432.594  117749.047 
 1.454  451.989  5398.042  5398.042  135180.062  20.610  509537.469  118325.742 
 1.460  453.448  5402.018  5402.019  135564.188  20.727  511693.344  118638.391 
 1.466  454.914  5406.014  5406.013  136008.266  20.806  513759.219  119181.992 
 1.472  456.386  5410.028  5410.026  134574.312  21.848  515797.094  118441.547 
 1.477  457.863  5414.062  5414.058  135247.328  21.852  517741.969  119226.055 
 1.483  459.346  5418.114  5418.121  136474.297  20.819  519790.844  120647.516 
 1.489  460.836  5422.186  5422.189  136868.234  22.749  521816.719  121302.930 
 1.495  462.331  5426.277  5426.277  137181.141  18.641  524009.594  122109.297 
 1.501  463.833  5430.387  5430.383  137455.000  20.496  526085.500  122587.625 
 1.508  465.340  5434.516  5434.520  137886.828  19.314  528545.312  123306.898 
 1.514  466.854  5438.664  5438.664  138199.609  23.094  530520.188  123829.125 
 1.520  468.374  5442.831  5442.827  138485.359  20.837  532682.062  124129.305 
 1.526  469.900  5447.017  5447.021  138771.062  22.543  534710.938  124803.445 
 1.532  471.432  5451.222  5451.223  139056.750  21.211  536817.812  125477.531 
 1.539  472.971  5455.446  5455.443  139442.375  22.842  539387.688  126301.570 
 1.545  474.516  5459.689  5459.695  139734.984  21.435  541411.562  127147.570 
 1.551  476.067  5463.952  5463.955  140012.547  19.992  543511.438  127567.516 
 1.558  477.625  5468.233  5468.233  140387.062  15.510  545950.312  128153.414 
 1.564  479.189  5472.533  5472.531  140671.562  15.992  548095.125  128605.273 
 1.571  480.760  5476.853  5476.849  141054.000  14.436  550601.000  129486.078 
 1.577  482.337  5481.191  5481.187  141274.422  15.843  552680.875  130030.844 
 1.584  483.920  5485.548  5485.543  141677.797  13.212  555195.750  130919.555 
 1.590  485.510  5489.925  5489.921  141938.141  15.544  557235.625  131299.219 
 1.597  487.107  5494.321  5494.318  142309.438  7.839  559720.438  132008.844 
 1.603  488.711  5498.735  5498.735  142573.703  12.096  561858.312  132658.422 
 1.610  490.321  5503.169  5503.172  142887.922  10.316  564327.188  133314.953 
 1.617  491.938  5507.622  5507.617  143278.109  9.499  566719.062  133899.438 
 1.624  493.561  5512.093  5512.095  143603.266  8.644  569105.875  134554.859 
 1.630  495.192  5516.584  5516.580  143870.375  5.752  571254.750  135168.250 
 1.637  496.829  5521.094  5521.099  144215.453  4.822  573766.625  135718.594 
 1.644  498.473  5525.623  5525.625  144561.500  12.855  576116.500  136497.891 
 1.651  500.124  5530.171  5530.172  144880.500  9.851  578718.312  137104.141 
 1.658  501.782  5534.738  5534.740  145265.469  9.810  581028.188  137883.344 
 1.665  503.447  5539.324  5539.328  145593.391  9.731  583551.062  138645.500 
 1.672  505.119  5543.930  5543.925  145939.281  12.615  585957.875  139364.609 
 1.679  506.798  5548.554  5548.555  146312.141  14.461  588359.750  140142.672 
 1.686  508.484  5553.197  5553.193  146666.953  13.270  590904.562  141111.688 
 1.693  510.178  5557.859  5557.866  146996.734  15.042  593377.438  141493.656 
 1.700  511.878  5562.541  5562.546  147334.469  14.776  595644.312  142077.562 
 1.708  513.586  5567.241  5567.235  147746.188  16.473  598392.125  142901.438 
 1.715  515.300  5571.960  5571.958  148071.844  16.133  601063.000  143654.266 
 1.722  517.023  5576.699  5576.704  148419.484  14.755  603456.812  144415.047 
 1.729  518.752  5581.457  5581.457  148745.062  11.340  605996.688  145126.797 
 1.737  520.489  5586.233  5586.232  149116.625  11.887  608688.500  145828.484 
 1.744  522.233  5591.029  5591.028  149421.141  13.398  611194.375  146609.125 
 1.752  523.985  5595.843  5595.847  149799.625  12.870  613917.188  147418.719 
 1.759  525.744  5600.677  5600.674  150066.062  15.306  616417.062  148114.266 
 1.767  527.510  5605.530  5605.536  150439.469  11.704  619089.875  149039.766 
 1.774  529.284  5610.402  5610.408  150703.844  15.065  621753.750  149591.219 
 1.782  531.066  5615.293  5615.288  151004.172  19.388  624511.562  150402.625 
 1.789  532.855  5620.203  5620.203  151281.469  18.674  627076.438  151170.984 
 1.797  534.652  5625.132  5625.128  151594.719  17.923  629889.250  151999.297 
 1.805  536.457  5630.080  5630.075  151908.938  18.134  632534.125  152739.562 
 1.812  538.269  5635.047  5635.045  152182.125  16.308  635064.938  153454.797 
 1.820  540.089  5640.033  5640.037  152453.266  18.445  637854.750  154277.969 
 1.828  541.917  5645.038  5645.039  152745.375  18.544  640534.625  155048.094 
 1.836  543.753  5650.062  5650.062  153029.438  20.606  643439.438  155917.172 
 1.844  545.596  5655.106  5655.110  153351.469  17.631  646280.312  156498.203 
 1.851  547.448  5660.168  5660.167  153542.469  16.618  648680.125  157330.203 
 1.859  549.307  5665.250  5665.246  153785.422  19.568  651488.938  158012.141 
 1.867  551.175  5670.350  5670.349  154041.344  19.480  654328.812  158798.031 
 1.875  553.050  5675.469  5675.475  154301.234  18.355  657127.625  159484.875 
 1.883  554.933  5680.608  5680.610  154513.078  19.193  659926.438  160179.688 
 1.892  556.825  5685.766  5685.770  154861.891  21.994  663177.250  161079.438 
 1.900  558.725  5690.942  5690.939  155081.656  21.757  665979.125  161869.141 
 1.908  560.632  5696.138  5696.131  155297.391  23.482  668869.938  162625.812 
 1.916  562.548  5701.353  5701.348  155531.094  22.171  671503.750  163319.422 
 1.924  564.473  5706.586  5706.588  155741.750  21.822  674307.562  164052.984 
 1.933  566.405  5711.839  5711.838  155986.375  19.436  677515.438  164828.516 
 1.941  568.346  5717.111  5717.112  156193.953  22.012  680311.250  165442.984 
 1.949  570.295  5722.402  5722.396  156381.500  20.551  683246.062  166271.406 
 1.958  572.253  5727.712  5727.719  156621.016  14.052  686307.875  167070.797 
 1.966  574.219  5733.041  5733.038  156775.484  16.517  689076.688  167928.125 
 1.974  576.193  5738.389  5738.395  156915.922  18.943  691961.562  168479.422 
 1.983  578.176  5743.756  5743.763  157126.312  19.333  694908.375  169180.656 
 1.991  580.167  5749.143  5749.141  157242.672  20.685  697844.188  169895.859 
 2.000  582.167  5754.548  5754.544  157404.000  22.000  700962.000  170795.000 