SSRL   EXAFS Data Collector 4.0       
Wed Feb 21 14:37:15 2018              
PTS:        504 COLS:          8
lytle.det                             
TiEXAFS.rgn                           
43 unfocused  0.000 0 X 3.135500 20000                                        
5 1000 600 REP 0 0                    
20161107_CalixTi_SiO2 cTi_1                                                   
lytle                                                                         
T = 200C , He = 30 sscm                                                       
EXAFS                                                                         
                                                                              
                                                                              

Weights: 
 1.000  1.000  1.000  1.000  1.000  1.000  1.000  1.000 
Offsets: 
 0.000  0.000  0.000  0.000  1013.000  1014.000  21.000  1267.000 
Data: 
Real time clock   
Total time        
Requested Energy  
Achieved Energy   
I0                
I1                
I2                
Lytle             

 1.000  1.000  4730.000  4730.002  108565.000  14.000  200517.000  20493.000 
 1.000  2.000  4740.500  4740.498  108311.000  15.000  200495.000  20794.000 
 1.000  3.000  4751.000  4750.999  108098.000  13.000  200586.000  21086.000 
 1.000  4.000  4761.500  4761.497  107913.000  15.000  200515.000  21390.000 
 1.000  5.000  4772.000  4772.000  107680.000  14.000  200506.000  21724.000 
 1.000  6.000  4782.500  4782.500  107419.000  15.000  200498.000  22033.000 
 1.000  7.000  4793.000  4792.996  107232.000  14.000  200523.000  22340.000 
 1.000  8.000  4803.500  4803.496  106976.000  17.000  200572.000  22667.000 
 1.000  9.000  4814.000  4814.000  106770.000  16.000  200512.000  22990.000 
 1.000  10.000  4824.500  4824.499  106521.000  17.000  200566.000  23264.000 
 1.000  11.000  4835.000  4835.001  106296.000  19.000  200543.000  23594.000 
 1.000  12.000  4845.500  4845.497  106074.000  15.000  200519.000  23938.000 
 1.000  13.000  4856.000  4855.996  105833.000  12.000  200523.000  24240.000 
 1.000  14.000  4866.500  4866.497  105618.000  11.000  200470.000  24592.000 
 1.000  15.000  4877.000  4877.000  105385.000  11.000  200450.000  24881.000 
 1.000  16.000  4887.500  4887.504  105138.000  11.000  200555.000  25186.000 
 1.000  17.000  4898.000  4898.000  104933.000  13.000  200383.000  25549.000 
 1.000  18.000  4908.500  4908.498  104669.000  12.000  200456.000  25881.000 
 1.000  19.000  4919.000  4918.996  104457.000  11.000  200462.000  26229.000 
 1.000  20.000  4929.500  4929.504  104226.000  12.000  200620.000  26601.000 
 1.000  21.000  4940.000  4940.002  104005.000  13.000  200503.000  26948.000 
 1.000  22.000  4940.500  4940.496  103979.000  12.000  200531.000  26988.000 
 1.000  23.000  4941.000  4941.000  103964.000  10.000  200424.000  27008.000 
 1.000  24.000  4941.500  4941.503  103956.000  10.000  200499.000  27028.000 
 1.000  25.000  4942.000  4941.997  103934.000  12.000  200576.000  27027.000 
 1.000  26.000  4942.500  4942.501  103912.000  11.000  200530.000  27073.000 
 1.000  27.000  4943.000  4943.005  103884.000  11.000  200460.000  27086.000 
 1.000  28.000  4943.500  4943.499  103869.000  8.000  200580.000  27109.000 
 1.000  29.000  4944.000  4944.003  103853.000  8.000  200615.000  27105.000 
 1.000  30.000  4944.500  4944.498  103846.000  8.000  200504.000  27109.000 
 1.000  31.000  4945.000  4945.002  103840.000  7.000  200561.000  27138.000 
 1.000  32.000  4945.500  4945.497  103831.000  8.000  200501.000  27159.000 
 1.000  33.000  4946.000  4946.002  103807.000  7.000  200607.000  27174.000 
 1.000  34.000  4946.500  4946.497  103772.000  6.000  200520.000  27227.000 
 1.000  35.000  4947.000  4947.001  103772.000  5.000  200631.000  27224.000 
 1.000  36.000  4947.500  4947.497  103780.000  6.000  200620.000  27233.000 
 1.000  37.000  4948.000  4948.002  103737.000  7.000  200587.000  27277.000 
 1.000  38.000  4948.500  4948.498  103718.000  6.000  200518.000  27299.000 
 1.000  39.000  4949.000  4949.003  103706.000  8.000  200514.000  27293.000 
 1.000  40.000  4949.500  4949.499  103680.000  10.000  200503.000  27305.000 
 1.000  41.000  4950.000  4950.004  103661.000  10.000  200426.000  27321.000 
 1.000  42.000  4950.500  4950.500  103656.000  10.000  200566.000  27353.000 
 1.000  43.000  4951.000  4950.996  103625.000  8.000  200545.000  27395.000 
 1.000  44.000  4951.500  4951.501  103622.000  7.000  200445.000  27380.000 
 1.000  45.000  4952.000  4951.998  103613.000  6.000  200590.000  27432.000 
 1.000  46.000  4952.500  4952.504  103594.000  10.000  200546.000  27443.000 
 1.000  47.000  4953.000  4953.000  103571.000  16.000  200523.000  27473.000 
 1.000  48.000  4953.500  4953.497  103577.000  17.000  200569.000  27480.000 
 1.000  49.000  4954.000  4954.003  103537.000  16.000  200501.000  27508.000 
 1.000  50.000  4954.500  4954.500  103512.000  16.000  200570.000  27503.000 
 1.000  51.000  4955.000  4954.997  103503.000  16.000  200700.000  27593.000 
 1.000  52.000  4955.500  4955.503  103483.000  16.000  200472.000  27592.000 
 1.000  53.000  4956.000  4956.000  103479.000  16.000  200508.000  27600.000 
 1.000  54.000  4956.500  4956.498  103433.000  15.000  200444.000  27639.000 
 1.000  55.000  4957.000  4957.005  103444.000  16.000  200597.000  27668.000 
 1.000  56.000  4957.500  4957.502  103421.000  15.000  200461.000  27711.000 
 1.000  57.000  4958.000  4958.000  103413.000  15.000  200556.000  27721.000 
 1.000  58.000  4958.500  4958.497  103397.000  16.000  200423.000  27776.000 
 1.000  59.000  4959.000  4959.005  103375.000  16.000  200448.000  27774.000 
 1.000  60.000  4959.500  4959.502  103355.000  16.000  200553.000  27801.000 
 1.000  61.000  4960.000  4960.000  103338.000  16.000  200526.000  27829.000 
 1.000  62.000  4960.500  4960.499  103324.000  16.000  200494.000  27853.000 
 1.000  63.000  4961.000  4960.997  103296.000  17.000  200469.000  27914.000 
 1.000  64.000  4961.500  4961.505  103277.000  17.000  200540.000  27959.000 
 1.000  65.000  4962.000  4962.003  103252.000  17.000  200435.000  27986.000 
 1.000  66.000  4962.500  4962.501  103247.000  17.000  200452.000  28060.000 
 1.000  67.000  4963.000  4963.000  103216.000  16.000  200647.000  28101.000 
 1.000  68.000  4963.500  4963.499  103190.000  17.000  200564.000  28172.000 
 1.000  69.000  4964.000  4963.998  103199.000  15.000  200573.000  28240.000 
 1.000  70.000  4964.500  4964.496  103172.000  15.000  200499.000  28329.000 
 1.000  71.000  4965.000  4964.995  103143.000  15.000  200575.000  28432.000 
 1.000  72.000  4965.100  4965.095  103138.000  15.000  200594.000  28452.000 
 1.000  73.000  4965.200  4965.205  103120.000  15.000  200535.000  28512.000 
 1.000  74.000  4965.300  4965.305  103092.000  16.000  200533.000  28512.000 
 1.000  75.000  4965.400  4965.404  103084.000  16.000  200603.000  28540.000 
 1.000  76.000  4965.500  4965.504  103072.000  15.000  200567.000  28559.000 
 1.000  77.000  4965.600  4965.604  103065.000  15.000  200593.000  28593.000 
 1.000  78.000  4965.700  4965.704  103043.000  15.000  200449.000  28651.000 
 1.000  79.000  4965.800  4965.804  103032.000  15.000  200479.000  28687.000 
 1.000  80.000  4965.900  4965.904  103032.000  14.000  200540.000  28690.000 
 1.000  81.000  4966.000  4966.003  103022.000  14.000  200557.000  28722.000 
 1.000  82.000  4966.100  4966.104  103009.000  14.000  200527.000  28780.000 
 1.000  83.000  4966.200  4966.203  103000.000  14.000  200517.000  28799.000 
 1.000  84.000  4966.300  4966.303  102986.000  14.000  200551.000  28860.000 
 1.000  85.000  4966.400  4966.403  102971.000  14.000  200587.000  28927.000 
 1.000  86.000  4966.500  4966.503  102967.000  15.000  200628.000  28949.000 
 1.000  87.000  4966.600  4966.603  102944.000  15.000  200539.000  29005.000 
 1.000  88.000  4966.700  4966.703  102939.000  15.000  200562.000  29107.000 
 1.000  89.000  4966.800  4966.802  102920.000  15.000  200513.000  29186.000 
 1.000  90.000  4966.900  4966.902  102908.000  16.000  200389.000  29267.000 
 1.000  91.000  4967.000  4967.002  102892.000  15.000  200407.000  29353.000 
 1.000  92.000  4967.100  4967.102  102873.000  14.000  200481.000  29460.000 
 1.000  93.000  4967.200  4967.202  102856.000  16.000  200465.000  29551.000 
 1.000  94.000  4967.300  4967.302  102848.000  16.000  200398.000  29680.000 
 1.000  95.000  4967.400  4967.402  102838.000  14.000  200444.000  29823.000 
 1.000  96.000  4967.500  4967.502  102807.000  15.000  200456.000  29989.000 
 1.000  97.000  4967.600  4967.602  102820.000  15.000  200532.000  30174.000 
 1.000  98.000  4967.700  4967.702  102801.000  13.000  200470.000  30422.000 
 1.000  99.000  4967.800  4967.802  102800.000  14.000  200448.000  30703.000 
 1.000  100.000  4967.900  4967.901  102771.000  13.000  200501.000  31003.000 
 1.000  101.000  4968.000  4968.001  102765.000  15.000  200513.000  31408.000 
 1.000  102.000  4968.100  4968.102  102772.000  15.000  200480.000  31840.000 
 1.000  103.000  4968.200  4968.201  102740.000  16.000  200472.000  32409.000 
 1.000  104.000  4968.300  4968.301  102732.000  16.000  200476.000  33040.000 
 1.000  105.000  4968.400  4968.401  102722.000  16.000  200432.000  33758.000 
 1.000  106.000  4968.500  4968.501  102693.000  17.000  200585.000  34562.000 
 1.000  107.000  4968.600  4968.601  102699.000  19.000  200448.000  35467.000 
 1.000  108.000  4968.700  4968.701  102686.000  18.000  200549.000  36485.000 
 1.000  109.000  4968.800  4968.801  102692.000  16.000  200539.000  37618.000 
 1.000  110.000  4968.900  4968.901  102665.000  16.000  200631.000  38884.000 
 1.000  111.000  4969.000  4969.001  102650.000  16.000  200573.000  40264.000 
 1.000  112.000  4969.100  4969.101  102630.000  15.000  200524.000  41853.000 
 1.000  113.000  4969.200  4969.201  102632.000  15.000  200484.000  43530.000 
 1.000  114.000  4969.300  4969.301  102610.000  16.000  200665.000  45401.000 
 1.000  115.000  4969.400  4969.401  102600.000  15.000  200545.000  47196.000 
 1.000  116.000  4969.500  4969.501  102584.000  12.000  200542.000  48968.000 
 1.000  117.000  4969.600  4969.601  102585.000  13.000  200507.000  50538.000 
 1.000  118.000  4969.700  4969.701  102577.000  14.000  200466.000  51824.000 
 1.000  119.000  4969.800  4969.801  102568.000  12.000  200562.000  52717.000 
 1.000  120.000  4969.900  4969.901  102559.000  14.000  200642.000  53203.000 
 1.000  121.000  4970.000  4970.001  102552.000  11.000  200644.000  53275.000 
 1.000  122.000  4970.100  4970.101  102535.000  12.000  200532.000  52895.000 
 1.000  123.000  4970.200  4970.201  102520.000  12.000  200644.000  52075.000 
 1.000  124.000  4970.300  4970.301  102501.000  13.000  200556.000  50982.000 
 1.000  125.000  4970.400  4970.401  102513.000  12.000  200569.000  49699.000 
 1.000  126.000  4970.500  4970.501  102497.000  11.000  200509.000  48196.000 
 1.000  127.000  4970.600  4970.602  102488.000  9.000  200470.000  46637.000 
 1.000  128.000  4970.700  4970.702  102479.000  9.000  200468.000  45021.000 
 1.000  129.000  4970.800  4970.801  102508.000  9.000  200654.000  43488.000 
 1.000  130.000  4970.900  4970.901  102734.000  13.000  200507.000  42150.000 
 1.000  131.000  4971.000  4971.001  102960.000  11.000  200412.000  40923.000 
 1.000  132.000  4971.100  4971.102  103146.000  11.000  200427.000  39718.000 
 1.000  133.000  4971.200  4971.202  103305.000  14.000  200578.000  38778.000 
 1.000  134.000  4971.300  4971.302  103481.000  12.000  200542.000  37908.000 
 1.000  135.000  4971.400  4971.402  103611.000  12.000  200423.000  37194.000 
 1.000  136.000  4971.500  4971.502  103728.000  11.000  200458.000  36561.000 
 1.000  137.000  4971.600  4971.602  103841.000  12.000  200527.000  36036.000 
 1.000  138.000  4971.700  4971.702  103949.000  12.000  200526.000  35620.000 
 1.000  139.000  4971.800  4971.802  104053.000  12.000  200454.000  35269.000 
 1.000  140.000  4971.900  4971.902  103950.000  12.000  200441.000  34926.000 
 1.000  141.000  4972.000  4972.002  103842.000  14.000  200483.000  34660.000 
 1.000  142.000  4972.100  4972.103  103725.000  12.000  200376.000  34369.000 
 1.000  143.000  4972.200  4972.203  103628.000  13.000  200440.000  34183.000 
 1.000  144.000  4972.300  4972.303  103565.000  13.000  200498.000  34052.000 
 1.000  145.000  4972.400  4972.403  103507.000  13.000  200520.000  33869.000 
 1.000  146.000  4972.500  4972.503  103457.000  13.000  200554.000  33815.000 
 1.000  147.000  4972.600  4972.604  103403.000  13.000  200499.000  33730.000 
 1.000  148.000  4972.700  4972.704  103383.000  13.000  200533.000  33697.000 
 1.000  149.000  4972.800  4972.804  103355.000  14.000  200551.000  33666.000 
 1.000  150.000  4972.900  4972.904  103341.000  12.000  200608.000  33632.000 
 1.000  151.000  4973.000  4973.004  103330.000  14.000  200457.000  33667.000 
 1.000  152.000  4973.100  4973.104  103333.000  14.000  200542.000  33683.000 
 1.000  153.000  4973.200  4973.204  103322.000  13.000  200518.000  33722.000 
 1.000  154.000  4973.300  4973.305  103330.000  13.000  200535.000  33746.000 
 1.000  155.000  4973.400  4973.405  103328.000  14.000  200402.000  33773.000 
 1.000  156.000  4973.500  4973.505  103321.000  14.000  200603.000  33830.000 
 1.000  157.000  4973.600  4973.605  103338.000  16.000  200560.000  33890.000 
 1.000  158.000  4973.700  4973.695  103334.000  16.000  200421.000  33976.000 
 1.000  159.000  4973.800  4973.795  103347.000  16.000  200507.000  34092.000 
 1.000  160.000  4973.900  4973.896  103348.000  14.000  200454.000  34167.000 
 1.000  161.000  4974.000  4973.996  103359.000  12.000  200455.000  34243.000 
 1.000  162.000  4974.100  4974.096  103363.000  13.000  200413.000  34350.000 
 1.000  163.000  4974.200  4974.196  103374.000  12.000  200622.000  34481.000 
 1.000  164.000  4974.300  4974.296  103388.000  12.000  200510.000  34624.000 
 1.000  165.000  4974.400  4974.396  103395.000  13.000  200444.000  34764.000 
 1.000  166.000  4974.500  4974.497  103409.000  13.000  200487.000  34917.000 
 1.000  167.000  4974.600  4974.597  103415.000  12.000  200524.000  35097.000 
 1.000  168.000  4974.700  4974.697  103436.000  13.000  200502.000  35255.000 
 1.000  169.000  4974.800  4974.797  103436.000  11.000  200508.000  35455.000 
 1.000  170.000  4974.900  4974.898  103457.000  12.000  200515.000  35668.000 
 1.000  171.000  4975.000  4974.998  103454.000  11.000  200440.000  35885.000 
 1.000  172.000  4975.350  4975.349  103485.000  13.000  200474.000  36713.000 
 1.000  173.000  4975.700  4975.700  103472.000  13.000  200457.000  37717.000 
 1.000  174.000  4976.050  4976.051  103486.000  12.000  200643.000  38914.000 
 1.000  175.000  4976.400  4976.402  103487.000  12.000  200550.000  40244.000 
 1.000  176.000  4976.750  4976.753  103501.000  12.000  200484.000  41718.000 
 1.000  177.000  4977.100  4977.104  103495.000  10.000  200488.000  43314.000 
 1.000  178.000  4977.450  4977.445  103511.000  10.000  200435.000  44907.000 
 1.000  179.000  4977.800  4977.797  103505.000  9.000  200641.000  46548.000 
 1.000  180.000  4978.150  4978.148  103529.000  10.000  200509.000  48130.000 
 1.000  181.000  4978.500  4978.500  103503.000  10.000  200636.000  49640.000 
 1.000  182.000  4978.850  4978.851  103502.000  10.000  200535.000  51181.000 
 1.000  183.000  4979.200  4979.202  103519.000  8.000  200537.000  52745.000 
 1.000  184.000  4979.550  4979.554  103511.000  10.000  200577.000  54350.000 
 1.000  185.000  4979.900  4979.896  103508.000  10.000  200445.000  55976.000 
 1.000  186.000  4980.250  4980.247  103515.000  10.000  200577.000  57704.000 
 1.000  187.000  4980.600  4980.599  103528.000  11.000  200559.000  59501.000 
 1.000  188.000  4980.950  4980.951  103520.000  10.000  200516.000  61420.000 
 1.000  189.000  4981.300  4981.302  103523.000  10.000  200446.000  63404.000 
 1.000  190.000  4981.650  4981.654  103520.000  11.000  200528.000  65520.000 
 1.000  191.000  4982.000  4981.996  103546.000  11.000  200483.000  67714.000 
 1.000  192.000  4982.350  4982.348  103550.000  4.000  200458.000  70115.000 
 1.000  193.000  4982.700  4982.700  103529.000  4.000  200448.000  72584.000 
 1.000  194.000  4983.050  4983.052  103546.000  4.000  200481.000  75097.000 
 1.000  195.000  4983.400  4983.404  103549.000  5.000  200590.000  77570.000 
 1.000  196.000  4983.750  4983.747  103560.000  4.000  200520.000  79831.000 
 1.000  197.000  4984.100  4984.099  103558.000  5.000  200468.000  81996.000 
 1.000  198.000  4984.450  4984.451  103551.000  5.000  200518.000  84048.000 
 1.000  199.000  4984.800  4984.803  103561.000  5.000  200462.000  85796.000 
 1.000  200.000  4985.150  4985.146  103552.000  5.000  200469.000  87265.000 
 1.000  201.000  4985.500  4985.498  103543.000  4.000  200492.000  88657.000 
 1.000  202.000  4985.850  4985.851  103564.000  3.000  200593.000  89803.000 
 1.000  203.000  4986.200  4986.203  103546.000  4.000  200645.000  90853.000 
 1.000  204.000  4986.550  4986.546  103552.000  3.000  200570.000  91680.000 
 1.000  205.000  4986.900  4986.898  103558.000  5.000  200633.000  92393.000 
 1.000  206.000  4987.250  4987.251  103531.000  7.000  200563.000  92996.000 
 1.000  207.000  4987.600  4987.604  103556.000  7.000  200597.000  93465.000 
 1.000  208.000  4987.950  4987.947  103557.000  7.000  200583.000  93901.000 
 1.000  209.000  4988.300  4988.300  103558.000  5.000  200476.000  94229.000 
 1.000  210.000  4988.650  4988.653  103562.000  5.000  200505.000  94607.000 
 1.000  211.000  4989.000  4988.996  103553.000  6.000  200528.000  94932.000 
 1.000  212.000  4989.350  4989.349  103566.000  5.000  200482.000  95212.000 
 1.000  213.000  4989.700  4989.702  103570.000  6.000  200476.000  95512.000 
 1.000  214.000  4990.050  4990.055  103570.000  5.000  200422.000  95754.000 
 1.000  215.000  4990.400  4990.398  103551.000  8.000  200518.000  96006.000 
 1.000  216.000  4990.750  4990.751  103536.000  7.000  200511.000  96212.000 
 1.000  217.000  4991.100  4991.104  103528.000  8.000  200485.000  96389.000 
 1.000  218.000  4991.450  4991.448  103524.000  11.000  200411.000  96643.000 
 1.000  219.000  4991.800  4991.801  103535.000  11.000  200578.000  96886.000 
 1.000  220.000  4992.150  4992.155  103520.000  10.000  200563.000  97164.000 
 1.000  221.000  4992.500  4992.498  103522.000  10.000  200567.000  97331.000 
 1.000  222.000  4992.850  4992.852  103524.000  10.000  200571.000  97594.000 
 1.000  223.000  4993.200  4993.195  103495.000  11.000  200503.000  97735.000 
 1.000  224.000  4993.550  4993.549  103505.000  10.000  200458.000  97885.000 
 1.000  225.000  4993.900  4993.903  103478.000  10.000  200543.000  98094.000 
 1.000  226.000  4994.250  4994.247  103466.000  11.000  200589.000  98235.000 
 1.000  227.000  4994.600  4994.601  103459.000  11.000  200527.000  98416.000 
 1.000  228.000  4994.950  4994.955  103451.000  10.000  200416.000  98560.000 
 1.000  229.000  4995.300  4995.298  103439.000  10.000  200618.000  98636.000 
 1.000  230.000  4995.650  4995.652  103423.000  10.000  200464.000  98770.000 
 1.000  231.000  4996.000  4995.996  103412.000  11.000  200562.000  98867.000 
 1.000  232.000  4996.350  4996.351  103403.000  10.000  200550.000  98960.000 
 1.000  233.000  4996.700  4996.705  103393.000  10.000  200452.000  99100.000 
 1.000  234.000  4997.050  4997.049  103379.000  10.000  200604.000  99237.000 
 1.000  235.000  4997.400  4997.403  103372.000  10.000  200543.000  99312.000 
 1.000  236.000  4997.750  4997.747  103356.000  10.000  200618.000  99455.000 
 1.000  237.000  4998.100  4998.102  103350.000  9.000  200509.000  99573.000 
 1.000  238.000  4998.450  4998.446  103325.000  10.000  200538.000  99692.000 
 1.000  239.000  4998.800  4998.801  103310.000  11.000  200490.000  99788.000 
 1.000  240.000  4999.150  4999.145  103300.000  11.000  200536.000  99919.000 
 1.000  241.000  4999.500  4999.500  103296.000  10.000  200527.000  100012.000 
 1.000  242.000  4999.850  4999.854  103289.000  11.000  200477.000  100055.000 
 1.000  243.000  5000.200  5000.199  103265.000  11.000  200560.000  100134.000 
 1.000  244.000  5000.550  5000.554  103261.000  12.000  200446.000  100180.000 
 1.000  245.000  5000.900  5000.898  103248.000  14.000  200547.000  100266.000 
 1.000  246.000  5001.250  5001.253  103237.000  14.000  200568.000  100334.000 
 1.000  247.000  5001.600  5001.598  103218.000  15.000  200565.000  100360.000 
 1.000  248.000  5001.950  5001.953  103213.000  15.000  200524.000  100374.000 
 1.000  249.000  5002.300  5002.298  103197.000  11.000  200441.000  100367.000 
 1.000  250.000  5002.650  5002.653  103189.000  10.000  200573.000  100365.000 
 1.000  251.000  5003.000  5002.998  103186.000  10.000  200414.000  100346.000 
 1.000  252.000  5003.350  5003.354  103167.000  13.000  200650.000  100269.000 
 1.000  253.000  5003.700  5003.699  103154.000  12.000  200495.000  100227.000 
 1.000  254.000  5004.050  5004.054  103131.000  12.000  200551.000  100117.000 
 1.000  255.000  5004.400  5004.399  103125.000  12.000  200494.000  100060.000 
 1.000  256.000  5004.750  5004.754  103100.000  12.000  200516.000  99883.000 
 1.000  257.000  5005.100  5005.100  103093.000  12.000  200523.000  99761.000 
 1.000  258.000  5005.450  5005.445  103089.000  12.000  200428.000  99660.000 
 1.000  259.000  5005.800  5005.801  103081.000  11.000  200523.000  99463.000 
 1.000  260.000  5006.150  5006.146  103068.000  11.000  200589.000  99267.000 
 1.000  261.000  5006.500  5006.502  103068.000  10.000  200516.000  99045.000 
 1.000  262.000  5006.850  5006.848  103019.000  10.000  200537.000  98806.000 
 1.000  263.000  5007.200  5007.204  103017.000  9.000  200612.000  98542.000 
 1.000  264.000  5007.550  5007.549  103013.000  11.000  200556.000  98274.000 
 1.000  265.000  5007.900  5007.895  102991.000  14.000  200655.000  98028.000 
 1.000  266.000  5008.250  5008.251  102984.000  13.000  200567.000  97823.000 
 1.000  267.000  5008.600  5008.597  102981.000  12.000  200572.000  97617.000 
 1.000  268.000  5008.950  5008.953  102960.000  10.000  200567.000  97428.000 
 1.000  269.000  5009.300  5009.299  102954.000  11.000  200518.000  97301.000 
 1.000  270.000  5009.650  5009.645  102920.000  11.000  200474.000  97075.000 
 1.000  271.000  5010.008  5010.011  102928.000  14.000  200463.000  96905.000 
 1.000  272.000  5010.994  5010.989  102875.984  13.981  200436.000  96062.977 
 1.000  273.000  5011.999  5011.998  102825.922  13.925  200518.000  94775.906 
 1.000  274.000  5013.022  5013.027  102824.836  13.832  200530.000  93454.789 
 1.000  275.001  5014.065  5014.066  102803.703  12.701  200450.000  92403.625 
 1.000  276.001  5015.127  5015.127  102748.531  11.533  200531.984  91540.414 
 1.001  277.002  5016.208  5016.209  102845.328  13.328  200740.984  90946.156 
 1.001  278.003  5017.308  5017.312  102806.086  12.085  200667.984  90247.859 
 1.001  279.004  5018.427  5018.425  102750.805  12.805  200756.969  89784.508 
 1.001  280.005  5019.565  5019.570  102720.492  14.487  200688.969  89208.109 
 1.002  281.007  5020.722  5020.725  102777.133  13.132  200866.969  88511.664 
 1.002  282.009  5021.898  5021.901  102767.742  12.740  200967.953  87599.180 
 1.003  283.012  5023.093  5023.089  102837.312  14.310  201213.938  86936.641 
 1.003  284.015  5024.308  5024.308  102787.844  11.843  201268.938  86228.055 
 1.004  285.019  5025.541  5025.537  102865.344  13.339  201352.922  85721.422 
 1.004  286.023  5026.793  5026.798  102813.805  11.797  201367.906  85218.750 
 1.005  287.028  5028.064  5028.060  102886.227  13.218  201665.906  84861.023 
 1.005  288.033  5029.355  5029.353  102873.609  13.602  201585.891  84535.258 
 1.006  289.039  5030.665  5030.667  102912.953  13.948  201683.875  84347.438 
 1.007  290.046  5031.993  5031.993  102986.266  13.257  201895.859  84298.578 
 1.007  291.053  5033.341  5033.339  102946.539  13.529  201875.844  84292.664 
 1.008  292.061  5034.708  5034.708  103006.773  11.763  202120.828  84398.711 
 1.009  293.070  5036.093  5036.097  103073.969  12.960  202356.812  84596.703 
 1.010  294.080  5037.498  5037.498  103160.133  13.119  202558.797  84956.656 
 1.011  295.090  5038.921  5038.919  103201.250  13.242  202781.781  85315.555 
 1.012  296.102  5040.364  5040.363  103261.336  12.326  203013.766  85729.414 
 1.012  297.114  5041.826  5041.829  103247.383  12.374  203003.734  86080.227 
 1.013  298.128  5043.307  5043.305  103307.398  12.384  203187.719  86538.984 
 1.014  299.142  5044.807  5044.803  103368.367  11.357  203377.703  87054.703 
 1.015  300.158  5046.326  5046.323  103415.305  12.292  203451.672  87550.375 
 1.017  301.174  5047.864  5047.864  103568.203  13.190  203953.656  88153.992 
 1.018  302.192  5049.421  5049.417  103645.070  13.051  204082.625  88714.570 
 1.019  303.211  5050.998  5051.001  103708.891  11.874  204206.609  89291.102 
 1.020  304.231  5052.593  5052.598  103752.680  9.660  204553.578  89901.586 
 1.021  305.252  5054.208  5054.206  103822.430  9.408  204611.547  90507.023 
 1.023  306.275  5055.841  5055.846  103973.141  12.120  205190.531  91173.414 
 1.024  307.299  5057.493  5057.498  104029.820  10.794  205319.500  91776.750 
 1.025  308.324  5059.165  5059.161  104076.453  11.430  205553.469  92288.047 
 1.027  309.350  5060.855  5060.856  104254.055  14.029  205896.438  92921.297 
 1.028  310.378  5062.564  5062.563  104275.617  13.591  206167.406  93391.500 
 1.029  311.408  5064.293  5064.293  104340.148  13.115  206434.375  93822.656 
 1.031  312.439  5066.041  5066.044  104493.633  14.603  206776.344  94294.766 
 1.032  313.471  5067.808  5067.808  104538.086  16.052  207009.312  94666.828 
 1.034  314.505  5069.593  5069.593  104701.500  14.465  207353.281  94994.852 
 1.036  315.541  5071.398  5071.401  104838.875  13.840  207818.250  95259.820 
 1.037  316.578  5073.222  5073.221  104891.211  12.177  207891.219  95401.742 
 1.039  317.617  5075.065  5075.063  105026.516  13.478  208303.188  95576.617 
 1.041  318.658  5076.927  5076.927  105167.781  15.741  208797.141  95882.445 
 1.042  319.700  5078.808  5078.804  105225.008  14.966  208982.109  95883.227 
 1.044  320.745  5080.708  5080.703  105374.195  15.155  209246.078  96021.969 
 1.046  321.791  5082.627  5082.625  105520.352  15.305  209847.031  96076.656 
 1.048  322.839  5084.565  5084.568  105668.469  15.419  210127.000  96117.297 
 1.050  323.888  5086.522  5086.524  105818.547  13.495  210579.953  96119.891 
 1.052  324.940  5088.499  5088.503  105955.586  14.534  210975.906  96156.445 
 1.054  325.994  5090.494  5090.495  106101.586  15.535  211373.875  96095.945 
 1.056  327.050  5092.508  5092.509  106236.555  16.500  211777.828  96030.406 
 1.058  328.107  5094.542  5094.545  106365.484  13.426  212220.781  95916.812 
 1.060  329.167  5096.594  5096.595  106498.375  12.316  212554.750  95841.172 
 1.062  330.229  5098.666  5098.667  106639.227  13.168  212999.703  95791.492 
 1.064  331.293  5100.756  5100.751  106796.047  13.983  213407.656  95737.758 
 1.066  332.360  5102.866  5102.870  106936.828  16.760  213760.609  95685.984 
 1.069  333.428  5104.994  5104.990  107180.570  19.500  214301.562  95748.156 
 1.071  334.499  5107.142  5107.144  107304.273  21.202  214706.516  95765.289 
 1.073  335.572  5109.309  5109.310  107423.938  13.868  215065.469  95753.375 
 1.075  336.647  5111.495  5111.500  107597.570  13.496  215564.422  95861.406 
 1.078  337.725  5113.699  5113.702  107940.164  15.086  216237.359  96065.398 
 1.080  338.806  5115.923  5115.928  108161.719  14.639  216527.312  96254.336 
 1.083  339.888  5118.166  5118.167  108467.234  16.155  217202.266  96483.234 
 1.085  340.973  5120.428  5120.428  108673.719  14.634  217601.219  96705.086 
 1.088  342.061  5122.709  5122.714  108950.164  15.075  218231.156  97000.891 
 1.090  343.151  5125.009  5125.012  109220.570  16.479  218624.109  97266.641 
 1.093  344.244  5127.329  5127.324  109667.938  18.845  219296.047  97762.352 
 1.095  345.340  5129.667  5129.670  110013.273  16.174  219572.000  98190.016 
 1.098  346.438  5132.024  5132.029  110178.562  18.466  220344.938  98433.633 
 1.101  347.539  5134.400  5134.401  110314.820  18.720  220648.875  98789.203 
 1.104  348.642  5136.795  5136.796  110469.039  17.937  221354.828  99087.727 
 1.106  349.749  5139.210  5139.206  110541.227  17.117  221699.766  99357.203 
 1.109  350.858  5141.644  5141.639  110713.367  18.259  222333.703  99734.625 
 1.112  351.970  5144.096  5144.096  110926.477  15.364  222970.641  100176.008 
 1.115  353.085  5146.567  5146.566  111116.547  15.432  223700.578  100545.344 
 1.118  354.203  5149.058  5149.061  111325.578  19.462  224158.531  101043.633 
 1.121  355.324  5151.568  5151.569  111520.578  18.455  224754.469  101488.883 
 1.124  356.448  5154.097  5154.102  111740.531  18.410  225341.406  101923.078 
 1.127  357.574  5156.644  5156.648  111963.453  21.329  226030.328  102316.227 
 1.130  358.704  5159.211  5159.208  112167.336  21.209  226543.266  102758.328 
 1.133  359.838  5161.797  5161.792  112408.188  20.053  227192.203  103224.383 
 1.136  360.974  5164.402  5164.400  112638.992  16.859  227843.141  103629.391 
 1.139  362.113  5167.026  5167.022  112865.766  17.628  228357.078  104013.352 
 1.143  363.256  5169.669  5169.670  113182.500  18.359  229317.000  104474.273 
 1.146  364.402  5172.331  5172.331  113426.195  19.053  229878.938  104891.141 
 1.149  365.551  5175.012  5175.017  113647.859  17.710  230394.859  105238.961 
 1.153  366.703  5177.712  5177.716  113981.484  17.329  231161.797  105663.734 
 1.156  367.859  5180.431  5180.430  114197.070  14.911  231806.719  106027.469 
 1.159  369.019  5183.169  5183.169  114425.617  16.456  232444.656  106170.148 
 1.163  370.181  5185.927  5185.921  114742.125  19.963  233178.578  106547.781 
 1.166  371.348  5188.703  5188.700  114970.602  15.433  233759.516  106919.375 
 1.170  372.517  5191.499  5191.503  115302.031  15.865  234596.438  107298.914 
 1.173  373.691  5194.313  5194.310  115535.438  17.260  235238.359  107678.414 
 1.177  374.868  5197.146  5197.142  115864.797  14.618  236089.281  108067.859 
 1.181  376.048  5199.999  5199.999  116197.117  18.939  236899.203  108520.266 
 1.184  377.232  5202.871  5202.871  116412.406  18.222  237579.125  108793.617 
 1.188  378.420  5205.761  5205.757  116729.656  16.468  238360.047  109204.930 
 1.192  379.612  5208.671  5208.668  117043.867  15.676  239041.969  109509.188 
 1.195  380.807  5211.600  5211.595  117247.039  14.847  239526.891  109770.406 
 1.199  382.007  5214.547  5214.547  117556.180  15.981  240559.812  110228.578 
 1.203  383.210  5217.514  5217.515  117879.281  17.077  241202.734  110572.695 
 1.207  384.417  5220.500  5220.497  118170.344  17.136  242048.656  110892.773 
 1.211  385.628  5223.505  5223.504  118508.367  16.158  242801.578  111338.805 
 1.215  386.842  5226.529  5226.527  118836.359  16.142  243656.484  111651.781 
 1.219  388.061  5229.572  5229.576  119133.305  16.089  244350.406  112057.719 
 1.223  389.284  5232.634  5232.629  119451.219  17.998  245323.312  112440.609 
 1.227  390.511  5235.715  5235.719  119757.094  17.871  246133.234  112878.453 
 1.231  391.742  5238.816  5238.813  120093.938  17.705  246863.141  113267.250 
 1.235  392.977  5241.935  5241.934  120377.734  15.503  247542.062  113734.000 
 1.239  394.217  5245.073  5245.070  120682.500  16.263  248299.969  114075.695 
 1.244  395.460  5248.230  5248.232  121074.227  17.986  249473.891  114544.352 
 1.248  396.708  5251.407  5251.410  121336.922  15.671  250333.797  115063.961 
 1.252  397.960  5254.603  5254.604  121652.570  19.319  251022.703  115490.523 
 1.256  399.217  5257.817  5257.812  121943.188  19.930  251859.609  115997.039 
 1.261  400.478  5261.050  5261.048  122327.766  21.503  252977.516  116574.508 
 1.265  401.743  5264.303  5264.300  122600.305  20.039  253748.438  117103.930 
 1.270  403.013  5267.575  5267.578  122991.805  21.538  254679.344  117719.305 
 1.274  404.287  5270.865  5270.861  123296.273  20.999  255591.250  118244.633 
 1.279  405.565  5274.175  5274.171  123691.703  21.423  256502.141  118867.922 
 1.283  406.849  5277.504  5277.509  124039.094  21.810  257322.047  119406.156 
 1.288  408.136  5280.852  5280.851  114116.445  19.159  258335.953  110129.344 
 1.292  409.429  5284.219  5284.220  124255.766  19.471  259082.859  120186.484 
 1.297  410.726  5287.604  5287.605  124728.039  18.745  260152.766  120869.578 
 1.302  412.028  5291.010  5291.007  125124.281  18.983  260990.656  121540.633 
 1.307  413.334  5294.434  5294.437  125498.492  20.182  261880.562  122211.633 
 1.311  414.646  5297.877  5297.882  125768.656  19.345  263080.469  122666.586 
 1.316  415.962  5301.339  5301.344  126121.789  20.470  263912.375  123282.492 
 1.321  417.283  5304.820  5304.823  126465.875  20.558  264787.250  123816.359 
 1.326  418.608  5308.320  5308.317  126828.938  21.608  265850.156  124352.172 
 1.331  419.939  5311.840  5311.841  127188.953  20.621  266816.062  124990.945 
 1.336  421.275  5315.378  5315.380  127495.930  20.597  267833.938  125503.664 
 1.341  422.616  5318.936  5318.937  127847.875  21.535  268972.844  126037.336 
 1.346  423.961  5322.512  5322.510  128164.781  19.436  269820.750  126574.969 
 1.351  425.312  5326.107  5326.111  128510.648  20.300  270979.625  127080.547 
 1.356  426.668  5329.722  5329.718  128831.484  21.126  271880.531  127587.086 
 1.361  428.029  5333.355  5333.354  129141.273  22.915  272837.406  128216.570 
 1.366  429.395  5337.008  5337.006  129454.031  22.666  273957.312  128740.016 
 1.371  430.767  5340.680  5340.675  129769.750  24.381  274943.188  129282.414 
 1.377  432.143  5344.371  5344.374  130171.438  27.057  276148.094  129934.758 
 1.382  433.525  5348.081  5348.078  130466.078  26.697  277109.969  130456.062 
 1.387  434.913  5351.810  5351.811  130774.688  26.299  278217.875  130894.320 
 1.393  436.305  5355.557  5355.561  131181.250  27.864  279392.750  131544.531 
 1.398  437.703  5359.324  5359.329  131454.797  27.391  280400.656  132062.688 
 1.403  439.107  5363.110  5363.114  131716.281  28.881  281415.531  132648.797 
 1.409  440.516  5366.915  5366.917  132110.750  25.334  282560.406  133322.875 
 1.414  441.930  5370.739  5370.738  132379.156  22.749  283562.281  133755.891 
 1.420  443.350  5374.583  5374.588  132780.547  28.127  284822.188  134398.875 
 1.426  444.776  5378.445  5378.444  133135.891  28.468  285962.062  134963.797 
 1.431  446.207  5382.326  5382.330  133390.203  24.771  286919.938  135543.672 
 1.437  447.644  5386.226  5386.222  133757.469  23.037  288095.812  136077.516 
 1.443  449.086  5390.146  5390.144  134064.703  23.265  289376.719  136621.297 
 1.448  450.535  5394.084  5394.084  134305.906  20.457  290369.594  137203.047 
 1.454  451.989  5398.042  5398.042  134681.062  22.610  291463.469  137944.734 
 1.460  453.448  5402.018  5402.019  135033.188  21.727  292725.344  138502.391 
 1.466  454.914  5406.014  5406.013  135450.266  21.806  293960.219  139264.984 
 1.472  456.386  5410.028  5410.026  134154.312  23.848  295242.094  138309.547 
 1.477  457.863  5414.062  5414.058  134956.328  22.852  296162.969  139327.047 
 1.483  459.346  5418.114  5418.121  135909.297  23.819  297488.844  140710.516 
 1.489  460.836  5422.186  5422.189  136272.234  22.749  298489.719  141390.938 
 1.495  462.331  5426.277  5426.277  136598.141  23.641  299810.594  142065.297 
 1.501  463.833  5430.387  5430.383  136920.000  22.496  300979.469  142670.625 
 1.508  465.340  5434.516  5434.520  137281.828  27.314  302276.344  143512.891 
 1.514  466.854  5438.664  5438.664  137597.609  29.094  303642.219  144061.125 
 1.520  468.374  5442.831  5442.827  137899.359  29.837  304819.094  144730.312 
 1.526  469.900  5447.017  5447.021  138205.062  30.543  306044.938  145477.438 
 1.532  471.432  5451.222  5451.223  138491.750  30.211  307113.812  146093.531 
 1.539  472.971  5455.446  5455.443  138883.375  29.842  308669.688  146869.578 
 1.545  474.516  5459.689  5459.695  139152.984  25.435  309739.562  147523.562 
 1.551  476.067  5463.952  5463.955  139416.547  26.992  310989.438  148067.516 
 1.558  477.625  5468.233  5468.233  139832.062  27.510  312408.281  148837.422 
 1.564  479.189  5472.533  5472.531  140106.562  25.992  313667.156  149551.266 
 1.571  480.760  5476.853  5476.849  140491.000  27.436  314981.031  150324.078 
 1.577  482.337  5481.191  5481.187  140751.422  25.843  316214.875  150946.844 
 1.584  483.920  5485.548  5485.543  141144.797  26.212  317548.750  151745.562 
 1.590  485.510  5489.925  5489.921  141394.141  26.544  318851.594  152373.219 
 1.597  487.107  5494.321  5494.318  141784.438  26.839  320191.469  153159.844 
 1.603  488.711  5498.735  5498.735  142053.703  32.096  321559.312  153784.422 
 1.610  490.321  5503.169  5503.172  142399.922  31.316  322694.188  154572.953 
 1.617  491.938  5507.622  5507.617  142769.109  33.499  324348.031  155278.438 
 1.624  493.561  5512.093  5512.095  143147.266  28.644  325739.906  156154.859 
 1.630  495.192  5516.584  5516.580  143415.375  26.752  326796.750  156799.250 
 1.637  496.829  5521.094  5521.099  143775.453  27.822  328414.625  157625.594 
 1.644  498.473  5525.623  5525.625  144120.500  29.855  329636.469  158389.891 
 1.651  500.124  5530.171  5530.172  144513.500  30.851  330915.344  159194.141 
 1.658  501.782  5534.738  5534.740  144852.469  32.810  332551.188  160008.344 
 1.665  503.447  5539.324  5539.328  145210.391  36.731  333893.031  160863.500 
 1.672  505.119  5543.930  5543.925  145570.281  39.615  335238.875  161603.609 
 1.679  506.798  5548.554  5548.555  145930.141  41.461  336701.750  162402.672 
 1.686  508.484  5553.197  5553.193  146298.953  39.270  337944.594  163104.688 
 1.693  510.178  5557.859  5557.866  146629.734  41.042  339472.438  163939.656 
 1.700  511.878  5562.541  5562.546  146938.469  40.776  340849.281  164735.562 
 1.708  513.586  5567.241  5567.235  147383.188  48.473  342380.125  165637.438 
 1.715  515.300  5571.960  5571.958  147700.844  42.133  343884.000  166396.266 
 1.722  517.023  5576.699  5576.704  148040.484  45.755  345164.844  167248.047 
 1.729  518.752  5581.457  5581.457  148338.062  44.340  346714.688  168015.797 
 1.737  520.489  5586.233  5586.232  148720.625  47.887  348254.531  168944.484 
 1.744  522.233  5591.029  5591.028  149019.141  47.398  349522.375  169682.125 
 1.752  523.985  5595.843  5595.847  149420.625  48.870  351359.219  170628.719 
 1.759  525.744  5600.677  5600.674  149687.062  40.306  352484.062  171464.266 
 1.767  527.510  5605.530  5605.536  150051.469  44.704  354352.906  172314.766 
 1.774  529.284  5610.402  5610.408  150312.844  45.065  355816.750  173130.219 
 1.782  531.066  5615.293  5615.288  150660.172  47.388  357214.594  174036.625 
 1.789  532.855  5620.203  5620.203  150929.469  48.674  358734.438  174789.984 
 1.797  534.652  5625.132  5625.128  151266.719  49.923  360156.250  175697.297 
 1.805  536.457  5630.080  5630.075  151596.938  53.134  361805.094  176532.562 
 1.812  538.269  5635.047  5635.045  151845.125  58.308  363156.938  177338.797 
 1.820  540.089  5640.033  5640.037  152133.266  60.445  364775.781  178127.969 
 1.828  541.917  5645.038  5645.039  152463.375  59.544  366703.625  179078.094 
 1.836  543.753  5650.062  5650.062  152745.438  58.606  368176.438  179931.172 
 1.844  545.596  5655.106  5655.110  153032.469  59.631  369657.281  180691.203 
 1.851  547.448  5660.168  5660.167  153250.469  56.618  371015.125  181389.203 
 1.859  549.307  5665.250  5665.246  153542.422  58.568  372708.938  182225.141 
 1.867  551.175  5670.350  5670.349  153783.344  58.480  374084.781  182964.031 
 1.875  553.050  5675.469  5675.475  154044.234  59.355  375825.625  183903.875 
 1.883  554.933  5680.608  5680.610  154253.078  61.193  377424.438  184748.688 
 1.892  556.825  5685.766  5685.770  154610.891  62.994  379196.281  185582.438 
 1.900  558.725  5690.942  5690.939  154833.656  61.757  380827.094  186455.141 
 1.908  560.632  5696.138  5696.131  155055.391  65.482  382525.938  187199.812 
 1.916  562.548  5701.353  5701.348  155264.094  66.171  384188.750  187972.422 
 1.924  564.473  5706.586  5706.588  155446.750  66.822  385923.594  188773.984 
 1.933  566.405  5711.839  5711.838  155738.375  71.436  387427.406  189578.516 
 1.941  568.346  5717.111  5717.112  155959.953  72.012  389022.250  190389.984 
 1.949  570.295  5722.402  5722.396  156117.500  67.551  390837.062  191123.406 
 1.958  572.253  5727.712  5727.719  156410.016  69.052  392657.906  192024.797 
 1.966  574.219  5733.041  5733.038  156564.484  71.517  394470.719  192834.125 
 1.974  576.193  5738.389  5738.395  156711.922  72.943  396026.531  193537.422 
 1.983  578.176  5743.756  5743.763  156930.312  76.333  397674.344  194346.656 
 1.991  580.167  5749.143  5749.141  157056.672  80.685  399366.188  195136.859 
 2.000  582.167  5754.548  5754.544  157221.000  82.000  401131.000  195959.000 